22:36:33.499998 68 30 1090 1072 2 45 0 1
22:36:33.606999 78 50 521 719 1 88 0 1
22:36:33.715276 67 52 770 1057 0 59 1 1
22:36:33.823002 34 62 607 676 0 62 1 1
22:36:33.931996 85 77 719 720 0 32 1 1
22:36:34.041007 87 45 748 1002 1 42 0 1
22:36:34.150000 89 38 1009 1095 0 34 1 0
22:36:34.259001 38 63 633 457 1 55 0 1
22:36:34.368007 84 80 600 1095 2 70 0 1
22:36:34.477001 89 44 603 951 2 17 1 1
22:36:34.587000 50 42 558 760 2 5 1 1
22:36:34.695999 37 68 705 953 2 58 0 0
22:36:34.805402 64 31 792 742 1 3 1 1
22:36:34.914001 63 53 936 907 0 8 1 0
22:36:35.022994 75 35 928 489 1 71 1 1
22:36:35.135009 45 51 651 863 2 50 1 1
22:36:35.245009 31 88 773 1051 0 51 0 1
22:36:35.354994 52 64 870 749 2 46 1 1
22:36:35.464144 43 60 829 481 1 12 1 1
22:36:35.573994 59 50 909 688 2 17 0 0
22:36:35.684046 33 30 949 779 2 75 0 0
22:36:35.822008 86 89 854 1065 0 50 0 0
22:36:35.933108 68 50 1085 1032 0 27 1 1
22:36:36.042673 86 53 544 868 2 19 1 1
22:36:36.152994 78 58 1092 1023 0 48 1 1
22:36:36.262790 60 50 465 696 1 23 0 0
22:36:36.372994 68 55 555 784 2 1 1 1
22:36:36.482032 45 88 483 899 1 15 0 0
22:36:36.592133 63 46 640 461 1 42 1 0
22:36:36.703002 58 74 725 942 2 47 1 1
22:36:36.812995 51 40 1026 654 2 52 1 1
22:36:36.925998 45 63 636 645 2 54 0 1
22:36:37.036999 56 40 988 632 2 34 0 0
22:36:37.146994 50 79 595 1031 1 68 0 0
22:36:37.257000 84 62 1088 766 1 44 1 1
22:36:37.366599 65 74 888 824 0 3 0 0
22:36:37.475991 79 58 832 935 2 49 0 0
22:36:37.589005 46 50 1073 786 1 55 0 1
22:36:37.698997 86 65 709 691 1 25 1 1
22:36:37.810078 89 43 1075 507 0 37 1 0
22:36:37.920654 73 82 802 829 1 39 1 1
22:36:38.030055 37 52 1047 897 1 43 0 0
22:36:38.140001 58 46 703 910 1 18 0 1
22:36:38.251001 52 82 695 624 2 57 0 1
22:36:38.360000 46 43 656 813 1 71 0 1
22:36:38.470128 49 86 1077 809 2 80 1 1
22:36:38.580995 47 38 484 702 2 58 0 0
22:36:38.691049 39 47 673 709 1 8 1 0
22:36:38.802004 83 60 1072 870 2 17 0 1
22:36:38.911997 84 56 485 551 0 51 0 1
22:36:39.022470 80 51 767 969 0 42 1 0
22:36:39.133998 41 33 1006 604 0 76 1 1
22:36:39.245049 45 52 587 540 2 68 0 0
22:36:39.355685 57 85 675 887 0 71 0 1
22:36:39.467008 55 65 620 1023 0 72 0 1
22:36:39.577993 39 85 594 645 0 35 0 1
22:36:39.690994 74 53 469 675 2 58 0 0
22:36:39.805001 78 39 872 896 2 50 1 1
22:36:39.915997 88 43 628 495 0 74 0 0
22:36:40.028001 30 53 968 1090 0 44 0 0
22:36:40.137995 53 64 984 712 0 24 1 0
22:36:40.253997 51 56 625 1033 0 37 1 0
22:36:40.364991 84 78 771 659 0 6 1 0
22:36:40.476998 74 81 823 1061 2 53 0 1
22:36:40.588050 63 58 700 725 0 16 0 0
22:36:40.700044 57 52 879 956 2 11 0 1
22:36:40.811001 67 53 852 819 2 68 0 0
22:36:40.922035 44 86 485 569 2 17 0 0
22:36:41.034677 32 73 868 1059 2 20 1 1
22:36:41.146995 41 35 538 510 0 79 1 1
22:36:41.258993 71 76 489 852 1 44 1 0
22:38:58.706236 56 49 940 527 1 70 1 0
22:38:58.882573 33 36 455 534 1 54 1 0
22:38:58.997268 75 62 701 808 2 1 0 0
22:38:59.108227 61 42 1011 842 0 86 1 0
22:38:59.227228 50 81 970 781 1 46 1 0
22:38:59.345227 50 30 782 968 1 7 1 0
22:38:59.465235 38 31 585 772 2 59 0 1
22:38:59.587239 86 82 717 872 0 62 0 1
22:38:59.713233 34 80 499 810 2 0 0 0
22:38:59.835229 60 76 963 1054 2 70 0 1
22:38:59.957245 40 58 622 878 2 62 1 1
22:39:00.084332 55 69 783 1013 1 3 0 1
22:39:00.208227 66 51 838 451 0 76 1 1
22:39:00.321227 83 67 824 510 2 52 0 1
22:39:00.440232 53 62 726 1039 0 51 1 1
22:39:00.553230 78 36 574 535 2 40 1 1
22:39:00.676231 81 56 560 539 0 48 0 1
22:39:00.806248 72 79 781 563 2 39 0 1
22:39:00.950224 71 37 956 945 1 5 0 1
22:39:01.069224 31 31 754 970 0 80 0 1
22:39:01.185223 86 45 462 1041 0 4 0 0
22:39:01.299225 51 46 460 1021 0 10 1 1
22:39:01.419239 31 37 841 495 0 44 1 1
22:39:01.543228 65 72 839 904 1 17 1 1
22:39:01.665235 46 72 481 707 2 42 1 1
22:39:01.793234 42 34 998 563 1 54 1 1
22:39:01.919235 41 51 898 991 1 82 1 1
22:39:02.048334 73 72 966 910 2 5 1 0
22:39:02.171225 85 36 966 702 2 44 0 1
22:39:02.285224 55 70 1040 876 1 25 0 0
22:39:02.399231 82 88 691 1054 1 83 1 0
22:39:02.517225 90 71 827 1001 0 7 1 1
22:39:02.634238 77 38 889 724 0 45 0 1
22:39:02.751225 85 64 950 1095 1 30 1 1
22:39:02.870230 82 49 904 789 0 51 1 0
22:39:02.988231 56 65 740 491 0 44 0 0
22:39:03.103272 82 87 1005 859 1 45 1 0
22:39:03.216243 44 60 1054 496 1 87 0 1
22:39:03.340235 34 58 481 488 1 6 0 1
22:39:03.475233 85 53 791 1049 2 53 1 0
22:39:03.591230 37 59 805 723 0 39 0 0
22:39:03.710316 57 54 666 485 0 85 0 0
22:39:03.832235 59 65 906 933 2 65 0 1
22:39:03.950230 74 79 598 627 2 87 0 1
22:39:04.066226 43 62 1044 1090 1 34 0 1
22:39:04.181231 30 42 977 879 2 38 0 0
22:39:04.302459 69 90 805 652 0 47 1 1
22:39:04.416582 31 45 940 631 2 61 0 1
22:39:04.931268 77 63 900 970 1 41 1 0
22:39:05.038408 65 39 1086 707 0 76 0 0
22:39:05.147457 69 90 783 934 2 67 0 1
22:39:05.257224 81 51 490 904 0 52 0 1
22:39:05.368225 79 68 469 907 1 11 0 0
22:39:05.479224 79 85 588 562 2 70 1 0
22:39:05.591237 69 85 833 1051 1 71 0 1
22:39:05.703227 65 71 618 451 0 34 1 0
22:39:05.815585 82 58 557 754 1 77 0 0
22:39:05.923226 81 71 817 820 0 6 1 0
22:39:06.032222 73 49 540 820 2 10 0 1
22:39:06.140221 58 88 476 561 2 58 0 1
22:39:06.248314 53 31 1038 1073 0 30 0 1
22:39:06.359232 64 54 821 837 2 59 0 1
22:39:06.468224 76 67 563 756 1 29 0 0
22:39:06.578335 71 81 741 1029 0 71 1 1
22:39:06.691240 83 72 856 1019 1 74 0 1
22:39:06.808329 56 72 456 937 2 50 0 0
22:39:06.916470 82 53 672 722 1 75 1 0
22:39:07.026229 82 58 817 489 1 25 1 1
22:39:07.134238 44 41 606 789 1 66 1 0
22:39:07.246272 35 65 505 695 2 33 0 0
22:39:07.357237 47 63 826 502 0 77 0 0
22:39:07.474228 88 90 700 940 0 81 1 0
22:39:07.584229 32 86 937 577 0 53 1 0
22:39:07.693426 52 38 754 972 2 39 1 0
22:39:07.802221 73 70 623 825 2 9 0 0
22:39:07.913601 53 51 965 720 1 49 0 0
22:39:08.022226 70 69 761 588 2 83 0 1
22:39:08.134223 84 88 468 742 1 74 0 1
22:39:08.244617 35 44 893 778 2 38 0 1
22:39:08.353225 37 70 996 771 2 51 0 0
22:39:08.463224 79 37 859 949 2 1 1 0
22:39:08.574442 31 57 735 1079 1 25 1 0
22:39:08.684229 80 88 862 729 0 50 0 0
22:39:08.794228 70 83 680 889 1 56 0 1
22:39:08.908226 66 69 551 608 0 24 0 0
22:39:09.021299 51 34 455 714 2 75 0 1
22:39:09.132676 32 41 643 648 0 24 0 0
22:39:09.242222 32 84 947 922 2 20 0 1
22:39:09.352336 39 50 827 554 0 88 1 1
22:39:09.466228 86 46 1043 903 0 34 0 1
22:39:09.578228 62 37 934 701 2 73 0 0
22:39:09.689666 66 82 1045 751 2 31 1 1
22:39:09.799223 35 34 635 809 1 80 1 0
22:39:09.910278 42 79 785 623 2 84 1 1
22:39:10.024231 62 61 538 724 2 17 0 0
22:39:10.139228 55 61 849 979 1 2 1 1
22:39:10.251222 88 47 977 598 0 1 0 0
22:39:10.363225 74 61 972 914 2 48 1 1
22:39:10.477224 81 69 928 812 2 41 1 0
22:39:10.589224 34 73 677 1046 1 42 1 0
22:39:10.700270 74 58 1096 676 1 77 0 1
22:39:10.810460 42 82 603 828 0 62 0 1
22:39:10.921236 36 45 973 1083 1 59 0 1
22:39:11.030230 66 54 571 938 0 73 1 1
22:39:11.139272 84 55 941 877 2 6 1 1
22:39:11.247645 51 79 631 599 2 33 1 1
22:39:11.363535 39 64 1013 668 0 32 1 0
22:39:11.473748 37 37 750 592 0 61 0 1
22:39:11.582262 38 68 720 1051 1 34 1 0
22:39:11.693273 41 63 1069 704 2 80 0 0
22:39:11.804232 43 31 583 950 1 75 1 0
22:39:11.916223 31 78 1050 1068 0 36 1 0
22:39:12.024223 68 37 1002 939 0 33 1 0
22:39:12.134232 71 46 726 558 1 26 0 1
22:39:12.244266 88 61 795 1010 1 79 0 0
22:39:12.353224 72 37 477 634 2 74 0 1
22:39:12.461264 59 70 995 503 1 48 0 1
22:39:12.572223 76 76 702 485 2 79 1 0
22:39:12.685225 85 62 999 462 1 66 0 0
22:39:12.797264 90 30 856 1046 0 54 1 0
22:39:12.910584 39 40 953 828 1 14 1 1
22:39:13.019288 49 42 668 1023 2 65 0 0
22:39:13.130224 38 50 503 783 1 25 1 0
22:39:13.238227 89 76 778 565 2 1 1 0
22:39:13.350223 84 44 453 867 1 39 0 0
22:39:13.465230 37 41 1085 469 1 74 1 0
22:39:13.574933 67 76 911 536 0 45 0 1
22:39:13.683573 57 62 794 877 2 58 1 1
22:39:13.793225 39 42 970 543 0 61 1 0
22:39:13.902234 65 72 960 1029 0 28 0 0
22:39:14.012824 32 62 988 554 1 76 0 1
22:39:14.121224 46 39 654 906 1 20 0 1
22:39:14.232224 88 33 666 681 1 69 0 1
22:39:14.340894 83 60 877 511 2 33 0 0
22:39:14.452263 41 47 811 1048 0 59 1 0
22:39:14.562230 68 64 866 933 1 20 1 1
22:39:14.674223 54 48 772 526 1 18 0 0
22:39:14.782694 77 61 684 863 0 30 0 0
22:39:14.893264 69 60 986 996 1 79 1 0
22:39:15.003227 87 75 819 486 2 69 0 0
22:39:15.115234 90 36 1063 1077 2 38 0 0
22:39:15.233507 69 79 853 1030 2 62 0 0
22:39:15.347223 81 88 831 720 2 10 1 0
22:39:15.461247 38 41 810 979 0 30 1 0
22:39:15.575233 69 78 736 473 1 62 1 0
22:39:15.688243 58 72 906 947 1 66 0 1
22:39:15.797224 47 83 1012 474 1 19 1 1
22:39:15.907227 64 76 781 1069 0 90 0 0
22:39:16.020265 76 69 844 520 1 50 1 0
22:39:16.130226 40 73 747 806 0 14 0 0
22:39:16.243266 83 79 1001 1024 2 42 1 0
22:39:16.357224 61 60 781 453 1 73 0 1
22:39:16.468221 78 64 477 712 0 59 1 1
22:39:16.580224 82 70 589 482 2 2 1 0
22:39:16.693815 44 84 515 790 2 86 0 0
22:39:16.804224 64 45 802 460 2 87 0 1
22:39:16.914269 41 59 572 980 0 74 1 0
22:39:17.026230 32 84 848 930 1 31 1 1
22:39:17.140226 79 74 1023 862 2 47 0 0
22:39:17.258269 36 70 829 943 1 63 1 0
22:39:17.369344 79 70 1019 465 2 18 1 0
22:39:17.479236 41 47 563 701 1 36 0 0
22:39:17.588496 54 57 1076 1087 2 48 0 1
22:39:17.700236 71 36 953 1020 1 21 1 1
22:39:17.812224 68 68 498 535 2 77 0 0
22:39:17.924229 40 36 709 719 0 59 0 0
22:39:18.039316 90 53 875 625 0 10 0 1
22:39:18.172231 86 30 1071 914 1 55 1 0
22:39:18.287225 45 52 961 668 2 14 1 1
22:39:18.404223 33 41 1024 838 2 30 0 0
22:39:18.516279 81 75 613 933 1 8 0 0
22:39:18.629229 63 58 1070 724 2 77 1 1
22:39:18.741350 78 69 741 767 1 39 1 0
22:39:18.854552 60 74 693 615 1 72 1 1
22:39:18.967685 69 74 596 842 1 38 0 0
22:39:19.078269 56 64 874 859 2 64 1 1
22:39:19.188230 76 85 587 490 2 68 0 1
22:39:19.298223 66 30 528 495 1 66 0 1
22:39:19.411224 85 45 541 508 1 81 1 0
22:39:19.526223 84 85 703 719 2 43 1 0
22:39:19.638466 71 75 624 802 2 88 1 1
22:39:19.753226 60 75 576 733 1 83 1 0
22:39:19.868223 43 44 1055 483 0 4 0 0
22:39:19.983227 54 36 798 818 0 58 1 0
22:39:20.098227 62 37 668 479 2 77 1 1
22:39:20.209030 39 87 1024 490 1 0 0 1
22:39:20.319263 50 58 488 748 2 25 0 1
22:39:20.436225 42 46 489 913 1 57 1 0
22:39:20.547264 84 41 895 708 0 29 0 0
22:39:20.661369 35 72 467 858 2 61 0 0
22:39:20.775228 39 81 630 741 0 87 1 0
22:39:20.892227 84 87 1076 1100 2 67 0 0
22:39:21.012231 42 64 758 859 0 69 1 0
22:39:21.127042 61 71 1058 1027 1 52 0 0
22:39:21.243222 56 43 479 770 0 43 0 1
22:39:21.354261 76 55 660 500 1 5 1 0
22:39:21.465267 30 68 947 678 0 10 0 1
22:39:21.585229 79 48 1078 477 0 22 1 0
22:39:21.700229 72 78 482 548 0 2 0 1
22:39:21.816226 83 56 580 887 0 51 1 1
22:39:21.931224 64 31 723 1050 0 53 1 1
22:39:22.044225 75 85 962 785 2 3 0 0
22:39:22.155226 31 65 537 634 2 23 0 1
22:39:22.269228 62 44 752 649 2 88 1 0
22:39:22.381221 39 65 607 853 1 13 0 1
22:39:22.492227 73 71 888 546 1 76 0 0
22:39:22.604232 54 58 801 794 1 18 1 1
22:39:22.717231 73 42 663 467 0 25 1 0
22:39:22.834228 59 87 1011 857 0 85 1 0
22:39:22.947231 74 74 1018 734 2 13 0 1
22:39:23.064231 79 84 585 879 2 18 0 0
22:39:23.177226 60 40 598 864 0 35 1 0
22:39:23.294228 51 59 775 459 0 71 0 1
22:39:23.410439 48 38 881 722 1 23 0 1
22:39:23.522438 37 72 601 478 1 37 1 0
22:39:23.634229 81 71 1006 499 0 63 0 1
22:39:23.746239 61 79 472 678 0 27 0 1
22:39:23.873364 66 71 1072 971 1 85 1 1
22:39:23.996320 65 44 887 654 0 17 0 1
22:39:24.119309 61 53 992 932 1 28 0 0
22:39:24.245305 79 80 687 826 2 7 1 0
22:39:24.369490 38 67 671 841 2 7 1 0
22:39:24.502479 57 74 488 939 1 68 0 1
22:39:24.640498 62 69 879 650 0 29 0 0
22:39:24.766475 86 45 893 993 1 7 0 0
22:39:24.879522 79 62 786 507 1 86 1 1
22:39:24.996475 84 45 888 643 1 38 0 0
22:39:25.116481 70 31 929 500 0 30 0 0
22:39:25.235474 72 64 648 604 1 62 0 1
22:39:25.352822 60 86 1097 1099 0 71 1 1
22:39:25.466468 84 48 770 994 1 22 1 0
22:39:25.575466 33 33 814 976 0 47 0 0
22:39:25.689467 32 31 1042 687 0 68 0 0
22:39:25.801841 43 32 910 516 0 6 0 0
22:39:25.916543 31 85 893 643 1 52 1 1
22:39:26.032478 64 70 933 756 0 45 1 1
22:39:26.145469 64 61 600 468 0 60 1 0
22:39:26.265479 50 41 921 684 0 60 0 0
22:39:26.397702 36 39 662 827 2 49 0 0
22:39:26.511476 61 61 766 571 1 26 0 0
22:39:26.627477 46 40 746 921 0 36 0 0
22:39:26.743467 40 39 518 545 0 13 0 0
22:39:26.858482 37 36 944 721 2 40 0 0
22:39:26.971511 47 76 775 595 0 3 1 0
22:39:27.085688 48 43 785 921 1 22 1 0
22:39:27.205471 62 36 1009 1011 1 0 1 0
22:39:27.319469 69 88 824 608 0 5 1 1
22:39:27.432469 42 31 944 624 1 25 0 0
22:39:27.546470 53 48 727 1093 2 38 0 1
22:39:27.655468 41 50 723 901 1 87 0 0
22:39:27.775468 63 39 953 966 0 43 1 0
22:39:27.887584 70 64 581 496 0 19 0 1
22:39:28.001471 73 70 519 577 0 72 1 0
22:39:28.116465 81 33 1048 909 2 59 0 1
22:39:28.232723 73 48 943 841 1 6 0 1
22:39:28.345955 33 44 933 868 1 13 0 1
22:39:28.460475 42 64 1082 972 1 77 0 0
22:39:28.575870 79 72 808 465 1 23 0 1
22:39:28.689469 88 87 1061 492 1 50 0 0
22:39:28.803128 72 38 962 642 0 77 0 0
22:39:28.914474 76 70 504 739 0 8 0 0
22:39:29.025469 71 64 680 844 1 22 1 1
22:39:29.140475 90 50 651 1095 1 70 0 0
22:39:29.255504 64 56 996 607 1 28 0 0
22:39:29.366518 87 86 910 653 1 1 1 1
22:39:29.479478 70 38 660 602 1 58 0 0
22:39:29.591466 45 57 846 530 0 89 0 1
22:39:29.702781 68 38 1083 784 2 85 0 0
22:39:29.812468 84 59 542 559 0 15 1 1
22:39:29.926470 65 44 815 1095 2 58 0 0
22:39:30.037469 41 64 630 957 1 43 1 0
22:39:30.147476 37 46 655 469 1 80 1 1
22:39:30.264958 88 33 1018 888 1 64 1 0
22:39:30.376476 31 37 873 742 1 18 0 0
22:39:30.486761 54 74 823 1028 2 7 0 0
22:39:30.597616 52 41 560 967 1 56 0 1
22:39:30.708469 51 39 514 1009 0 3 1 0
22:39:30.821507 59 67 769 528 0 82 1 0
22:39:30.933862 65 56 479 942 2 40 0 0
22:39:31.049480 83 62 983 794 2 47 0 1
22:39:31.169481 79 47 816 1022 0 3 1 0
22:39:31.287468 86 30 568 616 0 2 1 0
22:39:31.400721 74 61 821 783 1 3 1 1
22:39:31.511818 32 52 588 515 2 62 1 0
22:39:31.622503 53 72 451 965 0 10 0 1
22:39:31.733808 58 46 1089 775 2 48 1 0
22:39:31.850477 32 53 853 728 0 88 1 1
22:39:31.962473 66 84 721 891 1 75 1 0
22:39:32.075468 87 45 887 730 1 5 0 1
22:39:32.185671 82 70 629 865 0 4 0 1
22:39:32.299468 50 50 743 524 0 17 0 0
22:39:32.413467 53 42 918 676 1 38 0 0
22:39:32.525468 62 36 642 689 0 11 1 0
22:39:32.638472 81 80 925 1094 0 36 1 1
22:39:32.756473 37 50 917 923 2 17 0 0
22:39:32.867471 42 74 968 712 1 42 0 0
22:39:32.979466 73 40 453 1062 1 39 1 0
22:39:33.088473 86 48 752 878 2 22 1 0
22:39:33.197701 86 55 558 783 0 64 0 0
22:39:33.310803 30 39 711 614 0 70 0 1
22:39:33.419499 67 33 722 510 2 64 0 1
22:39:33.531467 73 33 752 758 1 67 0 1
22:39:33.641267 36 49 961 928 0 4 0 1
22:39:33.753474 78 54 740 683 0 22 1 0
22:39:33.866476 33 31 925 788 0 25 1 1
22:39:33.989471 79 30 886 643 1 65 0 1
22:39:34.108481 76 62 1036 965 0 43 0 0
22:39:34.223473 62 80 595 1087 0 34 1 0
22:39:34.339523 33 80 711 1079 1 72 1 1
22:39:34.455581 58 73 854 834 0 28 0 1
22:39:35.191795 58 61 790 722 2 90 1 1
22:39:35.301826 66 39 815 1077 2 88 0 0
22:39:35.421501 67 71 707 945 1 35 1 1
22:39:35.550335 83 61 977 693 0 52 1 1
22:39:35.672325 47 38 465 846 2 23 0 0
22:39:35.803800 70 84 748 968 1 17 1 0
22:39:35.930219 35 57 707 768 0 10 1 0
22:39:36.054288 35 35 716 1072 1 81 0 0
22:39:36.186266 65 85 483 489 0 54 0 1
22:39:36.322255 31 67 770 476 0 65 1 0
22:39:36.435415 67 74 635 778 1 81 1 1
22:39:36.567978 61 54 636 598 0 40 1 1
22:39:36.699259 38 45 1044 711 1 11 0 0
22:39:36.830157 61 53 978 837 0 44 0 1
22:39:36.964240 80 71 606 862 1 3 1 1
22:39:37.099994 77 61 1075 458 1 72 0 1
22:39:37.230003 58 34 707 1027 2 16 1 1
22:39:37.348773 71 31 749 1055 2 87 0 1
22:39:37.467315 53 36 776 932 1 79 0 1
22:39:37.588049 52 47 1094 742 2 21 0 1
22:39:37.779987 43 38 804 535 1 69 0 0
22:39:37.906995 84 74 929 1081 0 17 1 1
22:39:38.031989 32 76 463 808 1 32 0 1
22:39:38.161836 76 90 657 598 0 24 1 1
22:39:38.287151 55 48 943 606 2 62 1 0
22:39:38.420370 89 90 643 477 1 9 0 1
22:39:38.542158 67 64 814 647 2 69 0 1
22:39:38.657325 46 87 596 789 2 18 1 0
22:39:38.785967 36 53 1073 1045 0 40 1 1
22:39:38.915964 32 61 919 731 1 32 0 1
22:39:39.034965 65 53 530 833 0 39 1 1
22:39:39.161474 73 60 940 1097 2 88 1 0
22:39:39.289630 46 64 547 1055 1 7 0 1
22:39:39.419048 38 54 982 709 0 85 0 0
22:39:39.550531 76 61 570 1047 0 64 1 0
22:39:39.680048 83 80 947 886 1 33 0 0
22:39:39.793044 51 65 873 949 1 7 1 0
22:39:39.912070 30 54 959 1090 0 53 1 1
22:39:40.025894 90 50 636 675 0 18 0 1
22:39:40.155581 86 63 1030 903 2 68 1 1
22:39:40.284291 74 77 915 545 2 32 1 1
22:39:40.413998 56 84 821 689 2 64 1 1
22:39:40.539716 46 55 905 814 0 59 1 0
22:39:40.665789 54 55 833 1084 2 66 0 1
22:39:40.805783 48 77 632 1014 2 7 0 0
22:39:40.941160 68 90 736 747 1 8 0 0
22:39:41.061154 85 86 729 871 2 4 0 0
22:39:41.177457 62 53 604 680 2 45 0 0
22:39:41.304056 50 46 985 643 1 43 0 1
22:39:41.428067 70 59 1002 632 0 76 1 0
22:39:41.557448 36 54 1005 965 0 36 0 0
22:39:41.682536 68 78 585 720 0 81 1 1
22:39:41.813455 62 63 660 830 2 11 1 0
22:39:41.940623 52 88 494 627 1 7 0 1
22:39:42.072627 69 49 696 1022 1 55 0 0
22:39:42.188603 88 49 525 864 1 29 0 1
22:39:42.303600 76 40 618 586 2 30 1 1
22:39:42.418253 59 63 614 812 0 68 0 1
22:39:42.533874 56 51 597 978 0 28 1 1
22:39:42.663041 87 42 592 497 1 55 1 1
22:39:42.793837 58 60 817 1038 2 70 0 1
22:39:42.918851 76 85 790 787 1 46 1 1
22:39:43.044621 67 63 478 975 1 64 1 0
22:39:43.175047 67 69 531 1072 2 4 0 0
22:39:43.304045 30 69 825 1070 1 90 0 1
22:39:43.419041 71 43 546 741 0 0 0 1
22:39:43.533138 68 66 513 716 0 76 0 1
22:39:43.657138 89 37 680 774 1 25 0 1
22:39:43.788095 73 88 942 641 1 40 1 0
22:39:43.926945 83 88 1026 786 1 83 0 1
22:39:44.046963 38 66 470 753 0 49 1 1
22:39:44.170997 77 84 797 525 2 7 0 1
22:39:44.295377 90 63 465 887 1 55 1 1
22:39:44.417423 69 39 545 831 0 18 1 0
22:39:44.538085 55 80 1060 718 0 43 1 0
22:39:44.656041 86 80 1061 557 2 58 1 0
22:39:44.791048 88 81 739 864 2 59 1 1
22:39:44.904030 49 76 708 881 0 27 0 1
22:39:45.018026 69 68 535 740 2 60 0 1
22:39:45.130079 80 35 902 1044 2 71 0 0
22:39:45.244271 42 46 667 970 2 34 1 0
22:39:45.375510 40 30 674 756 1 28 1 1
22:39:45.486041 36 72 1045 907 1 81 1 0
22:39:45.600072 89 74 680 977 1 79 0 0
22:39:45.711029 88 39 944 839 0 45 1 1
22:39:45.823027 33 69 651 1094 1 20 0 0
22:39:45.932080 59 36 750 988 1 54 1 0
22:39:46.042327 42 84 788 913 2 67 1 1
22:39:46.152186 55 82 1084 966 0 80 1 1
22:39:46.264028 81 39 835 982 1 40 1 0
22:39:46.376468 32 67 1004 476 2 84 0 1
22:39:46.489185 47 75 691 795 1 48 1 0
22:39:46.601063 86 78 987 881 2 25 0 1
22:39:46.711028 45 37 957 716 2 38 0 1
22:39:46.823034 42 70 954 499 1 31 0 0
22:39:46.943073 33 39 599 1041 0 15 0 0
22:39:47.055028 72 40 1080 638 2 2 1 0
22:39:47.170603 48 87 600 578 2 11 1 1
22:39:47.283031 82 59 871 824 0 34 1 1
22:39:47.395458 81 51 832 558 0 83 0 0
22:39:47.510027 39 87 994 825 1 10 1 1
22:39:47.626068 48 86 798 1095 1 17 0 0
22:39:47.740109 90 71 705 607 1 50 0 1
22:39:47.854088 79 58 809 876 2 31 1 1
22:39:47.967030 30 36 1047 713 2 32 1 0
22:39:48.080043 81 46 767 1090 0 84 0 1
22:39:48.194032 81 70 536 699 2 1 1 1
22:39:48.308068 74 60 665 1038 2 12 0 1
22:39:48.420034 63 48 634 912 2 53 0 1
22:39:48.531182 55 62 1050 981 0 60 0 0
22:39:48.642086 42 59 522 614 0 55 1 0
22:39:48.755027 32 73 621 781 0 30 1 0
22:39:48.865024 42 43 756 758 2 77 0 0
22:39:48.979238 45 67 474 809 0 18 0 0
22:39:49.090033 83 50 500 928 0 31 1 0
22:39:49.204256 38 85 781 828 0 63 1 0
22:39:49.320024 81 39 511 609 1 89 0 1
22:39:49.437039 32 60 1054 547 1 76 0 0
22:39:49.557028 75 60 583 942 1 53 0 0
22:39:49.687030 80 87 771 531 2 52 1 0
22:39:49.803116 84 74 694 744 0 31 1 1
22:39:49.915152 45 62 882 798 1 39 0 0
22:39:50.033033 43 33 509 462 0 4 1 0
22:39:50.147033 81 56 454 541 1 52 0 1
22:39:50.265040 43 80 876 710 0 76 1 0
22:39:50.384030 58 74 553 662 0 88 0 0
22:39:50.505093 73 78 670 700 0 16 0 1
22:39:50.620027 86 45 639 1042 2 20 1 0
22:39:50.733100 72 37 825 508 0 38 1 1
22:39:50.844030 42 63 756 1027 0 59 0 0
22:39:50.960048 36 43 842 822 2 1 0 0
22:39:51.091161 86 86 892 929 1 75 0 1
22:39:51.227051 61 32 909 916 1 79 0 1
22:39:51.359035 40 86 939 935 2 37 1 0
22:39:51.481040 43 38 866 468 1 15 0 0
22:39:51.618040 64 33 913 531 0 83 1 1
22:39:51.764032 84 46 942 672 2 7 0 1
22:39:51.884029 49 43 667 859 1 5 0 0
22:39:52.002035 85 86 1076 513 0 34 1 0
22:39:52.119053 51 90 871 1086 0 1 0 1
22:39:52.250050 40 68 1070 472 0 24 1 1
22:39:52.375452 89 57 806 899 1 63 0 0
22:39:52.489039 66 39 800 600 1 28 0 0
22:39:52.604039 53 49 902 491 1 46 1 0
22:39:52.719039 54 88 1033 631 0 7 0 0
22:39:52.835041 68 38 513 930 2 2 0 0
22:39:52.949026 31 82 775 677 0 33 0 1
22:39:53.062027 83 65 1054 659 1 81 0 1
22:39:53.172026 84 33 606 484 1 35 0 1
22:39:53.281575 88 80 766 1012 2 84 1 0
22:39:53.390419 75 59 791 1014 2 54 0 0
22:39:53.501030 47 50 524 584 1 14 0 1
22:39:53.615031 51 61 561 452 2 23 1 1
22:39:53.725472 44 35 555 983 0 83 0 0
22:39:53.839025 84 62 942 470 1 6 0 0
22:39:53.951214 79 37 669 565 2 66 0 1
22:39:54.066032 48 70 456 663 0 10 1 1
22:39:54.190025 76 72 1032 891 2 22 1 1
22:39:54.312031 57 46 867 1064 0 16 0 0
22:39:54.426355 70 83 674 1011 1 77 1 1
22:39:54.541036 71 43 924 664 0 10 1 1
22:39:54.655029 53 51 963 877 1 33 1 1
22:39:54.766066 80 89 761 716 0 75 1 0
22:39:54.877038 89 34 848 926 2 27 0 1
22:39:54.991036 69 90 761 551 0 44 0 1
22:39:55.104027 42 63 995 560 0 34 0 1
22:39:55.219044 47 44 537 770 2 42 1 1
22:39:55.334073 36 84 821 702 0 71 1 1
22:39:55.451068 56 78 951 559 0 32 0 0
22:39:55.561562 46 62 935 530 2 56 0 0
22:39:55.671026 36 56 920 873 0 77 1 0
22:39:55.783038 48 35 521 507 0 4 0 1
22:39:55.895255 48 62 450 631 2 3 1 0
22:39:56.005180 59 50 482 822 0 40 1 0
22:39:56.117542 74 75 656 848 2 8 0 0
22:39:56.233063 52 88 819 1069 2 4 1 0
22:39:56.345188 40 90 463 474 1 54 1 1
22:39:56.456030 38 48 637 570 2 28 0 0
22:39:56.567028 39 53 988 1071 2 51 1 0
22:39:56.682028 35 30 932 988 0 79 1 0
22:39:56.795030 43 49 609 487 1 69 0 1
22:39:56.904026 76 45 578 861 2 69 1 0
22:39:57.015426 62 72 1007 1005 2 0 1 0
22:39:57.129028 30 80 810 726 2 30 1 1
22:39:57.241030 74 73 1047 881 2 68 0 0
22:39:57.355035 44 76 831 474 1 89 0 0
22:39:57.470030 34 69 622 841 0 52 0 0
22:39:57.586046 49 48 731 726 0 25 0 0
22:39:57.881029 40 53 1098 814 1 7 1 0
22:39:58.007051 72 76 585 563 2 82 0 0
22:39:58.130040 43 54 999 678 0 76 1 1
22:39:58.256309 34 36 791 700 0 13 0 1
22:39:58.380899 46 34 752 507 1 20 0 0
22:39:58.505840 55 84 1098 479 2 88 0 0
22:39:58.633837 30 40 1087 718 1 0 1 1
22:39:58.760801 43 78 998 734 0 81 1 1
22:39:58.888246 84 78 704 710 2 7 1 1
22:39:59.016998 56 67 944 1071 1 58 1 1
22:39:59.144934 58 50 773 456 1 66 1 0
22:39:59.269848 35 71 515 1021 1 76 1 0
22:39:59.395951 78 84 632 1032 1 88 0 1
22:39:59.523240 51 73 517 793 2 29 0 0
22:39:59.652856 32 69 810 620 2 5 0 1
22:39:59.764259 67 48 965 843 2 38 0 1
22:39:59.890214 47 70 461 499 0 61 0 1
22:40:00.020216 47 74 532 509 2 16 0 0
22:40:00.148208 57 52 477 942 0 11 1 0
22:40:00.264704 58 63 817 740 0 17 1 1
22:40:00.391669 83 40 1033 903 1 7 1 1
22:40:00.522105 88 62 1029 1054 2 5 0 0
22:40:00.652093 69 63 812 720 0 17 0 0
22:40:00.793760 54 44 1009 461 1 22 1 0
22:40:00.919883 74 42 982 586 1 28 1 0
22:40:01.044550 76 71 745 1030 1 35 1 0
22:40:01.171380 79 51 499 501 2 21 1 1
22:40:01.298879 32 61 780 985 0 84 1 0
22:40:01.425102 70 77 482 610 1 81 0 1
22:40:01.550774 47 82 904 1038 1 47 0 1
22:40:01.677183 69 49 659 856 1 10 0 0
22:40:01.810750 35 33 951 889 1 37 1 1
22:40:01.950531 83 39 621 514 1 48 1 1
22:40:02.073567 47 49 1079 468 2 38 1 1
22:40:02.185799 36 56 521 932 0 3 0 1
22:40:02.312927 58 51 655 944 0 85 1 0
22:40:02.444927 78 80 678 876 0 13 1 0
22:40:02.589925 45 33 509 737 1 13 1 1
22:40:02.732926 57 75 604 833 1 64 1 1
22:40:02.855176 58 85 782 840 1 11 0 0
22:40:02.972496 38 44 866 712 0 43 0 1
22:40:03.106302 37 34 858 454 2 36 0 0
22:40:03.221335 62 89 567 933 2 0 0 1
22:40:03.335342 70 78 1090 755 0 82 0 0
22:40:03.450459 44 35 808 812 2 78 1 1
22:40:03.568352 66 41 805 992 1 9 0 1
22:40:03.692110 48 52 945 561 2 2 0 0
22:40:03.825687 49 60 639 1017 0 36 0 0
22:40:03.952503 41 76 1069 633 2 23 1 1
22:40:04.079939 81 63 490 835 2 32 0 0
22:40:04.206549 49 87 689 546 2 47 1 0
22:40:04.408546 42 38 843 578 2 22 1 1
22:40:04.523652 81 69 730 998 0 49 0 1
22:40:04.643364 76 86 1021 969 2 11 1 1
22:40:04.769615 54 32 563 840 1 29 1 1
22:40:04.898763 75 38 1050 495 1 5 1 0
22:40:05.023765 51 57 1069 833 2 30 1 1
22:40:05.148734 79 39 521 485 2 39 0 0
22:40:05.272218 80 74 694 886 0 54 1 0
22:40:05.393366 32 53 932 627 0 68 1 0
22:40:05.506123 50 82 780 869 2 1 0 0
22:40:05.627536 63 84 855 511 1 88 0 0
22:40:05.746750 57 43 1059 861 2 66 0 1
22:40:05.875926 66 47 961 658 0 72 0 1
22:40:06.003907 39 47 563 472 2 4 0 0
22:40:06.123921 53 53 1062 1094 1 53 1 1
22:40:06.245648 84 32 876 667 1 66 1 0
22:40:06.366681 36 38 666 570 0 30 1 0
22:40:06.495672 62 89 690 632 1 82 1 0
22:40:06.607781 70 68 964 1089 0 6 0 1
22:40:06.717856 55 84 999 454 0 4 0 0
22:40:06.838260 74 56 580 516 1 75 1 0
22:40:06.958606 37 55 990 1012 2 11 0 0
22:40:07.079396 69 88 1035 475 2 36 1 0
22:40:07.199870 43 57 631 941 2 17 0 0
22:40:07.321259 82 56 1092 944 0 38 1 1
22:40:07.440360 44 86 1082 509 1 60 1 1
22:40:07.559944 82 39 791 553 2 79 0 0
22:40:07.680932 39 56 629 604 2 51 0 0
22:40:07.799930 51 77 618 833 1 85 0 1
22:40:07.915404 48 59 808 536 1 71 0 0
22:40:08.036575 85 43 647 668 1 58 1 1
22:40:08.157056 87 44 490 584 2 9 1 0
22:40:08.276888 74 70 1089 964 2 85 0 1
22:40:08.388131 81 75 658 623 0 31 1 0
22:40:08.507887 79 69 823 1096 0 67 0 1
22:40:08.633195 43 90 820 513 2 11 0 0
22:40:08.760185 74 90 608 938 0 50 1 1
22:40:08.871429 39 85 901 482 1 80 0 1
22:40:08.982848 79 42 903 574 0 20 0 1
22:40:09.103663 49 53 954 601 2 34 0 1
22:40:09.225399 49 48 809 586 1 39 0 0
22:40:09.343526 55 67 503 1036 2 52 1 1
22:40:09.461561 79 34 714 976 0 87 0 1
22:40:09.581172 34 30 822 581 1 28 0 0
22:40:09.700502 44 64 963 837 0 38 1 0
22:40:09.818029 57 63 652 963 2 50 1 1
22:40:09.939023 52 31 801 1063 0 6 1 1
22:40:10.051602 70 80 677 699 2 63 1 0
22:40:10.168716 82 87 989 486 1 63 0 0
22:40:10.283693 77 43 596 848 1 20 1 0
22:40:10.402938 39 59 925 884 2 68 1 1
22:40:10.521853 87 90 602 736 1 62 0 0
22:40:10.640847 55 78 886 687 1 45 0 1
22:40:10.759699 31 53 502 872 1 55 0 0
22:40:10.877790 75 72 1060 860 2 11 1 1
22:40:11.002786 44 84 481 497 2 42 0 0
22:40:11.113781 58 41 1091 939 1 71 0 0
22:40:11.227020 35 79 877 1031 2 83 0 0
22:40:11.346009 90 70 498 845 0 63 0 1
22:40:11.462932 70 71 613 792 2 6 0 0
22:40:11.581361 72 50 861 655 0 0 0 1
22:40:11.701436 34 31 883 545 2 86 1 0
22:40:11.811350 41 48 1054 582 2 71 0 0
22:40:11.925306 67 34 933 517 2 82 0 0
22:40:12.046286 30 76 748 516 1 54 1 0
22:40:12.166320 62 67 955 710 2 32 1 1
22:40:12.279507 62 52 853 559 1 26 1 0
22:40:12.399210 42 47 1004 813 0 74 1 0
22:40:12.519481 83 78 818 664 2 87 1 1
22:40:12.640042 35 47 1094 880 0 65 1 0
22:40:12.758056 46 36 523 1060 2 35 0 1
22:40:12.876303 38 51 683 1035 0 3 1 0
22:40:12.995864 64 82 1077 913 2 10 0 0
22:40:13.116896 77 40 1031 971 1 72 1 1
22:40:13.249963 32 53 1007 1071 0 78 0 0
22:40:13.361750 64 59 575 729 2 12 1 0
22:40:13.474042 46 72 1056 473 1 38 1 0
22:40:13.594317 83 35 1015 1097 1 81 1 1
22:40:13.715073 57 56 857 1049 1 6 1 1
22:40:13.835381 82 90 627 574 1 73 0 0
22:40:13.956191 31 42 1015 796 2 87 1 0
22:40:14.078620 39 42 838 731 0 19 0 0
22:40:14.197348 68 70 1050 960 1 22 1 0
22:40:14.319333 36 45 662 863 1 48 0 1
22:40:14.442626 81 67 619 1088 1 55 0 1
22:40:14.563601 70 52 707 880 1 48 0 0
22:40:14.682846 82 64 923 490 0 25 0 1
22:40:14.803484 30 43 1065 920 2 90 0 1
22:40:14.926051 31 46 766 483 2 45 1 0
22:40:15.047460 76 82 526 1057 1 52 1 1
22:40:15.168003 70 57 1047 916 2 77 1 1
22:40:15.295513 33 79 968 567 2 77 1 1
22:40:15.421512 59 50 811 598 1 76 1 0
22:40:15.541601 80 74 520 1005 2 22 1 1
22:40:15.656501 69 58 787 550 0 32 1 0
22:40:17.101300 85 51 587 515 1 76 0 0
22:40:17.225225 64 78 694 767 0 41 0 1
22:40:17.348850 78 37 943 1052 0 74 0 0
22:40:17.474084 87 66 520 745 1 74 1 1
22:40:17.599626 49 80 862 590 0 73 0 0
22:40:17.724625 75 71 663 638 1 56 1 0
22:40:17.837617 79 64 1055 803 1 15 1 0
22:40:17.952260 71 85 639 793 2 15 0 0
22:40:18.066878 56 52 1063 738 2 44 1 0
22:40:18.189908 88 88 800 586 2 1 0 1
22:40:18.311521 71 71 514 623 1 73 1 1
22:40:18.434632 46 66 475 818 1 70 0 0
22:40:18.559969 57 46 834 492 2 11 0 1
22:40:18.681519 84 64 841 846 0 40 1 0
22:40:18.810511 47 86 765 1079 2 68 0 1
22:40:18.922279 31 88 715 606 2 25 1 0
22:40:19.035006 65 89 756 941 1 21 1 0
22:40:19.154403 55 48 862 893 0 74 1 1
22:40:19.276057 53 66 966 1056 1 29 0 0
22:40:19.395397 71 62 855 900 0 18 0 0
22:40:19.517393 50 77 756 562 0 68 0 0
22:40:19.629557 39 58 960 1091 2 69 0 0
22:40:19.742982 77 84 1064 925 1 83 1 0
22:40:19.862778 30 51 1086 813 0 34 0 1
22:40:19.981765 64 68 685 926 2 28 1 0
22:40:20.095876 56 39 715 1100 1 53 0 0
22:40:20.220002 48 30 475 512 2 28 0 0
22:40:20.344193 56 47 680 675 2 67 0 0
22:40:20.463939 68 59 858 627 2 16 0 0
22:40:20.585954 82 78 700 888 0 7 1 0
22:40:20.708660 72 35 660 765 1 67 0 1
22:40:20.829047 70 43 874 504 2 24 1 1
22:40:20.954889 55 83 558 597 0 19 1 1
22:40:21.080888 37 54 697 665 1 8 1 1
22:40:21.200048 60 36 761 725 2 47 1 1
22:40:21.312609 85 77 756 696 0 0 1 0
22:40:21.435079 33 31 945 793 2 64 0 0
22:40:21.559002 50 70 910 494 2 27 0 1
22:40:21.680695 57 56 975 869 1 34 1 1
22:40:21.800674 72 41 531 911 0 17 0 0
22:40:21.921774 84 62 681 1089 0 85 1 0
22:40:22.047131 55 56 909 474 0 5 0 1
22:40:22.173124 48 48 498 931 2 49 1 0
22:40:22.298126 70 38 797 874 0 24 1 0
22:40:22.422524 82 88 645 640 1 52 0 0
22:40:22.542408 55 47 865 978 1 2 1 1
22:40:22.663337 75 33 893 806 2 47 0 0
22:40:22.786515 31 48 461 889 2 53 1 0
22:40:22.906615 63 78 581 802 2 16 0 0
22:40:23.028275 87 47 874 482 2 40 0 1
22:40:23.151216 49 40 987 1088 1 14 1 0
22:40:23.276283 63 86 616 994 2 54 1 0
22:40:23.396206 56 72 997 928 2 47 1 1
22:40:23.508946 48 85 1092 477 2 19 0 1
22:40:23.628366 32 70 730 755 0 63 1 1
22:40:23.749577 77 77 512 554 2 81 1 0
22:40:23.870857 82 40 920 778 0 33 1 0
22:40:23.991126 79 33 467 915 0 22 0 0
22:40:24.114866 36 49 613 1061 1 83 0 0
22:40:24.234811 55 68 608 1031 1 34 1 0
22:40:24.356787 66 77 834 889 0 28 1 0
22:40:24.475834 47 62 659 654 1 67 0 1
22:40:24.588704 60 38 915 667 2 48 1 1
22:40:24.708695 45 85 1051 684 0 11 0 1
22:40:24.830012 44 72 662 523 2 60 1 1
22:40:24.950678 35 61 727 699 2 25 0 0
22:40:25.062529 79 54 562 460 2 62 0 1
22:40:25.184354 41 48 759 752 2 54 1 0
22:40:25.302856 52 52 870 451 0 73 0 0
22:40:25.423720 37 34 1035 960 0 14 1 0
22:40:25.545718 55 36 806 909 2 18 1 1
22:40:25.657935 85 35 508 675 1 31 0 0
22:40:25.770711 73 84 462 824 1 48 1 0
22:40:25.883283 38 45 1003 614 2 73 1 1
22:40:26.003253 41 46 794 808 0 80 0 0
22:40:26.124247 53 33 1021 1000 1 1 0 1
22:40:26.246329 86 72 819 1077 1 61 0 0
22:40:26.365790 58 87 768 659 1 68 0 1
22:40:26.487033 41 73 629 825 2 30 1 0
22:40:26.607863 90 56 559 505 2 66 0 1
22:40:26.718896 43 48 611 472 1 89 1 1
22:40:26.832892 58 33 725 580 0 3 1 0
22:40:26.952034 36 63 964 549 0 57 0 0
22:40:28.261063 69 63 568 609 0 90 0 1
22:40:28.382833 69 51 571 919 0 62 0 0
22:40:28.504789 73 36 474 547 2 7 0 0
22:40:28.626300 50 79 915 882 2 75 1 1
22:40:28.747017 48 86 736 844 1 40 0 0
22:40:28.866302 66 32 1098 900 1 2 0 1
22:40:28.978802 87 58 909 545 0 49 1 0
22:40:29.100942 87 61 1012 858 1 48 0 0
22:40:29.221868 87 52 580 627 2 88 1 0
22:40:29.340397 75 54 452 567 2 34 0 0
22:40:29.460584 70 34 608 657 1 86 0 1
22:40:29.580361 30 80 572 1095 1 21 1 1
22:40:29.702078 38 55 539 1074 0 82 0 0
22:40:29.822057 72 82 912 779 2 11 1 0
22:40:29.950049 62 64 741 560 0 59 1 0
22:40:30.065051 83 78 859 873 2 5 1 0
22:40:30.179625 46 31 765 679 1 27 1 0
22:40:30.290904 53 45 473 543 2 38 0 1
22:40:30.414889 38 40 871 645 0 19 1 0
22:40:30.538070 87 74 972 465 2 76 1 0
22:40:30.664060 32 37 1058 867 2 63 1 0
22:40:30.798079 44 45 1042 961 2 72 1 1
22:40:30.924068 79 43 801 470 2 54 0 1
22:40:31.049610 82 81 465 1084 2 76 0 1
22:40:31.167150 78 58 504 641 0 87 1 0
22:40:31.286739 37 49 849 723 1 40 0 0
22:40:31.397740 46 75 521 757 0 8 1 1
22:40:31.509747 75 88 462 777 1 41 1 0
22:40:31.619743 33 33 725 1016 1 72 1 0
22:40:31.732619 87 85 948 858 2 70 0 0
22:40:31.855006 89 39 675 749 0 72 0 0
22:40:31.978179 54 56 996 518 1 41 0 1
22:40:32.111162 83 69 626 457 0 20 0 0
22:40:32.238165 85 88 730 883 1 6 0 1
22:40:32.361164 80 81 719 700 2 22 0 1
22:40:32.485172 70 85 805 722 1 16 0 0
22:40:32.607179 38 76 952 563 2 70 0 1
22:40:32.730367 43 79 542 498 0 4 0 1
22:40:32.853107 32 52 1033 464 0 59 0 1
22:40:32.975570 72 64 1026 936 1 59 0 0
22:40:33.099781 55 49 693 997 2 34 1 1
22:40:33.225417 36 87 794 537 1 73 1 0
22:40:33.350411 31 55 851 892 1 32 1 0
22:40:33.465494 54 58 1071 487 1 90 0 1
22:40:33.581412 70 83 721 578 0 71 1 0
22:40:33.695650 68 56 964 684 2 87 1 1
22:40:33.810543 72 34 822 594 2 5 0 1
22:40:33.932064 87 68 900 459 2 6 1 0
22:40:34.057354 77 49 827 906 1 2 0 0
22:40:34.181989 58 58 973 796 2 29 1 0
22:40:34.306792 88 65 892 742 0 5 0 1
22:40:34.428800 45 64 1066 450 1 72 0 1
22:40:34.551801 60 44 969 961 2 62 0 0
22:40:34.679784 70 56 454 937 2 54 0 1
22:40:34.803347 30 41 885 860 1 30 0 0
22:40:34.929042 33 66 682 788 0 36 0 0
22:40:35.041779 76 71 805 915 1 72 1 1
22:40:35.159779 75 48 465 968 0 82 0 0
22:40:35.273966 41 87 640 678 1 24 1 0
22:40:35.392315 59 76 884 577 0 77 0 0
22:40:35.515579 65 61 897 1072 0 69 1 1
22:40:35.637146 51 68 800 1005 0 6 1 1
22:40:36.182564 80 78 617 648 1 5 0 1
22:40:36.299364 58 90 934 927 1 16 0 1
22:40:36.421826 72 52 822 1031 0 44 0 1
22:40:36.542490 58 85 649 479 1 42 0 1
22:40:36.666526 45 88 962 505 0 51 1 0
22:40:36.789647 62 56 693 513 0 84 1 0
22:40:36.911638 72 44 518 614 0 72 0 0
22:40:37.033652 90 68 848 1075 0 17 1 0
22:40:37.157635 53 84 893 466 1 83 1 1
22:40:37.271522 38 48 754 535 2 86 0 0
22:40:37.386237 45 79 615 546 0 22 1 1
22:40:37.502245 46 34 570 668 0 77 0 0
22:40:37.616235 36 67 1030 479 2 44 0 1
22:40:37.731480 42 73 595 740 2 30 1 1
22:40:37.846380 90 32 862 728 0 15 0 1
22:40:37.967948 48 74 813 817 1 88 0 0
22:40:38.092941 61 36 1048 914 0 85 0 0
22:40:38.474270 38 47 1080 614 0 85 0 1
22:40:38.598123 71 63 540 847 2 59 1 1
22:40:38.721121 55 77 823 1042 0 6 1 0
22:40:38.846269 61 71 670 562 0 7 0 1
22:40:38.966889 82 45 741 868 0 8 0 1
22:40:39.080887 33 43 850 1069 2 75 0 0
22:40:39.195882 81 87 821 826 2 27 0 0
22:40:39.308880 66 75 1087 1029 2 81 0 1
22:40:39.422943 68 62 816 1006 1 58 0 0
22:40:39.545199 71 80 458 1057 1 41 1 0
22:40:39.667918 73 48 761 581 0 76 0 0
22:40:39.796896 38 34 913 912 1 65 0 0
22:40:39.918292 45 39 758 858 1 21 1 1
22:40:40.039732 49 41 1004 1077 2 6 0 0
22:40:40.162777 79 66 686 814 2 77 0 1
22:40:40.284455 82 47 596 773 1 10 1 1
22:40:40.408560 77 72 687 1080 1 4 1 0
22:40:40.522469 55 66 800 917 1 89 1 1
22:40:40.642062 38 44 494 973 0 79 1 1
22:40:40.754395 71 88 835 493 2 35 1 0
22:40:40.869528 44 71 739 847 1 18 1 0
22:40:40.980539 32 47 824 622 1 44 0 0
22:40:41.094539 80 62 998 660 2 83 0 0
22:40:41.208888 44 54 984 521 0 72 0 1
22:40:41.339888 31 88 617 568 0 4 0 0
22:40:41.469879 79 87 538 505 1 19 0 1
22:40:41.587950 34 37 935 633 2 79 0 1
22:40:41.710881 72 41 1071 900 2 49 1 0
22:40:41.833888 38 57 1031 974 1 59 1 0
22:40:41.957889 32 52 670 944 2 49 0 1
22:40:42.087884 38 89 783 1052 2 19 1 1
22:40:42.215004 61 48 614 467 2 27 1 0
22:40:42.346892 86 48 567 575 2 27 1 1
22:40:42.471886 67 57 980 481 0 26 1 1
22:40:42.593877 51 86 855 660 2 49 0 1
22:40:42.708877 45 40 766 1007 1 51 1 1
22:40:42.819882 60 49 790 666 1 2 0 0
22:40:42.934894 55 75 654 773 1 64 1 1
22:40:43.051906 43 47 1093 884 1 10 1 1
22:40:43.180904 39 90 937 666 2 73 1 0
22:40:43.289876 36 67 811 736 2 25 1 1
22:40:43.402879 33 44 531 649 1 20 1 0
22:40:43.514879 55 42 899 547 0 51 1 1
22:40:43.626883 58 42 1008 981 2 83 0 0
22:40:43.747880 83 75 662 847 1 61 1 0
22:40:43.864883 59 86 1049 695 2 24 0 0
22:40:43.982880 77 52 963 731 1 36 0 0
22:40:44.108926 74 85 1086 454 1 66 0 0
22:40:44.232878 67 45 897 814 2 80 1 1
22:40:44.345034 62 78 812 1054 2 24 0 1
22:40:44.460890 30 37 985 474 2 31 0 0
22:40:44.573877 90 61 964 1058 0 62 0 0
22:40:44.685886 53 70 503 596 2 28 0 1
22:40:44.800865 75 53 465 635 1 68 0 0
22:40:44.925841 51 74 799 936 1 17 0 0
22:40:45.040845 63 39 880 538 1 27 0 0
22:40:45.166198 35 90 1023 840 1 87 0 0
22:40:45.287536 84 62 651 858 2 31 0 1
22:40:45.411868 79 55 1064 603 2 84 0 1
22:40:45.538856 45 79 526 884 0 28 0 0
22:40:45.652116 64 44 647 947 1 52 1 0
22:40:45.768327 81 65 610 727 0 64 0 1
22:40:45.892322 76 33 1004 661 0 70 0 1
22:40:46.018341 43 80 754 790 2 13 1 0
22:40:46.144244 60 42 1059 942 1 2 0 0
22:40:46.267249 80 78 694 538 2 77 0 1
22:40:46.389720 62 31 581 813 2 88 1 0
22:40:46.511733 87 53 695 479 2 60 1 1
22:40:46.645730 46 79 1018 737 2 41 0 0
22:40:46.769720 90 61 924 1098 2 14 0 0
22:40:46.887607 86 40 523 929 2 8 0 1
22:40:47.009585 81 89 923 594 0 48 0 1
22:40:47.134625 63 77 531 1005 0 65 1 0
22:40:47.256304 45 88 844 512 1 86 0 1
22:40:47.378835 51 68 778 704 2 69 0 1
22:40:47.503151 72 37 794 527 0 58 1 1
22:40:47.626854 81 69 746 939 0 45 0 0
22:40:47.748072 66 47 1006 799 0 10 0 1
22:40:47.876856 79 42 762 624 1 6 0 0
22:40:48.017195 76 47 786 913 2 29 1 1
22:40:48.142696 50 39 564 541 0 54 0 1
22:40:48.266711 39 46 498 626 0 53 1 0
22:40:48.378702 81 45 888 699 1 34 1 0
22:40:48.492430 62 64 469 953 1 52 0 1
22:40:48.606867 32 67 531 711 0 80 0 1
22:40:48.733080 79 88 797 794 0 60 0 1
22:40:48.844205 74 57 522 653 1 25 1 1
22:40:48.955269 85 90 495 723 0 30 0 0
22:40:49.080367 59 68 560 1088 2 81 1 1
22:40:49.204530 69 73 931 1100 1 8 1 1
22:40:49.327494 84 68 1062 673 2 25 1 0
22:40:49.452183 79 41 926 1061 1 33 0 1
22:40:49.579984 61 71 1069 562 1 89 1 0
22:40:49.703176 78 68 683 989 1 38 0 0
22:40:50.466186 83 86 841 502 0 50 0 1
22:40:50.591448 90 48 859 720 2 19 1 0
22:40:50.714048 58 87 935 736 2 20 0 0
22:40:50.837823 65 74 485 610 1 12 1 0
22:40:50.961240 45 33 1025 1091 2 82 0 1
22:40:51.094227 70 69 927 730 1 28 1 1
22:40:51.231211 89 58 849 569 0 58 1 1
22:40:51.341191 87 49 1016 977 1 1 1 0
22:40:51.452930 80 44 712 644 0 5 1 0
22:40:51.574931 87 63 747 693 2 45 1 1
22:40:51.687208 63 36 582 605 0 18 1 1
22:40:51.796795 31 34 1006 554 1 78 1 0
22:40:51.911372 90 84 995 738 0 63 1 1
22:40:52.035767 87 63 782 663 2 31 1 1
22:40:52.159410 42 75 975 491 2 32 0 0
22:40:52.290406 32 63 737 645 2 71 0 0
22:40:52.407400 71 71 588 514 0 26 0 1
22:40:52.523327 63 90 556 775 0 7 1 0
22:40:52.639395 51 45 1063 831 2 13 0 0
22:40:52.756327 43 85 1091 918 2 18 1 1
22:40:52.869317 33 82 1002 628 2 35 0 1
22:40:52.988264 67 81 613 859 2 85 0 1
22:40:53.113969 62 59 689 1001 2 3 0 0
22:40:53.239571 49 77 630 499 1 44 0 0
22:40:53.380469 55 39 478 607 0 40 0 0
22:40:53.506444 30 53 811 586 2 54 1 0
22:40:53.628439 53 37 792 740 0 73 1 1
22:40:53.743742 84 84 815 694 0 44 0 1
22:40:53.866453 49 89 804 909 0 72 1 0
22:40:53.990080 50 56 878 877 0 10 1 1
22:40:54.114190 73 79 786 691 0 0 1 0
22:40:54.237219 50 32 752 794 1 10 1 1
22:40:54.361258 72 60 640 978 0 73 0 1
22:40:54.487879 31 65 488 1053 2 34 1 0
22:40:54.612553 40 71 1080 590 0 13 0 0
22:40:54.736559 76 37 1068 1082 0 48 1 1
22:40:54.850554 75 73 587 949 1 81 0 0
22:40:54.975553 52 65 493 521 1 38 0 1
22:40:55.099233 88 67 1087 722 1 18 0 1
22:40:55.318685 62 33 523 536 1 37 1 1
22:40:55.535450 73 35 455 993 2 37 0 0
22:40:55.658440 84 47 856 895 1 43 0 0
22:40:55.771566 79 60 1072 997 1 48 1 0
22:40:55.886662 50 62 871 988 2 52 1 1
22:40:56.012770 63 66 906 484 2 71 1 1
22:40:56.130440 39 56 1016 952 2 85 0 0
22:40:56.246508 51 48 690 810 2 11 1 1
22:40:56.361690 51 88 1038 1025 1 73 0 0
22:40:56.478485 84 85 601 517 0 22 1 0
22:40:56.592452 67 44 547 703 2 56 0 0
22:40:56.704446 35 61 980 867 0 10 0 1
22:40:56.818446 88 55 554 1079 0 11 1 0
22:40:56.938454 30 61 649 767 2 20 0 1
22:40:57.060455 86 31 892 575 2 1 1 1
22:40:57.176447 38 38 849 539 0 36 1 0
22:40:57.290446 74 71 596 810 0 1 1 1
22:40:57.404453 72 51 873 636 0 69 1 0
22:40:57.520543 72 45 978 1086 0 27 0 1
22:40:57.634556 62 86 529 778 1 75 0 0
22:40:57.749543 42 70 1040 808 1 10 0 0
22:40:57.870553 83 87 599 827 0 41 0 0
22:40:57.989549 34 81 516 502 1 20 1 0
22:40:58.105552 84 73 795 826 1 60 0 1
22:40:58.224550 36 72 975 629 0 36 1 0
22:40:58.342804 80 57 514 534 0 54 1 0
22:40:58.461551 79 81 474 779 2 26 1 0
22:40:58.580715 60 64 570 500 2 3 0 1
22:40:58.698545 76 43 884 483 2 13 1 1
22:40:58.815548 41 48 1032 805 1 6 1 0
22:40:58.942543 78 51 735 1094 0 18 0 0
22:40:59.068298 65 63 594 780 0 2 1 1
22:40:59.180539 59 86 634 849 1 78 0 0
22:40:59.292700 79 47 641 770 0 81 0 1
22:40:59.408544 52 80 625 659 0 21 0 1
22:40:59.531569 41 89 852 1050 0 62 1 0
22:40:59.658546 73 89 749 884 2 80 1 1
22:40:59.780033 54 54 1005 916 1 76 0 1
22:40:59.901561 38 79 1091 643 1 65 1 1
22:41:00.024553 76 56 774 1061 2 15 0 0
22:41:00.151544 46 53 905 812 0 20 1 0
22:41:00.265765 88 76 461 639 0 38 1 0
22:41:00.382629 53 36 1008 736 2 75 1 1
22:41:00.500556 41 47 994 773 1 79 0 1
22:41:00.621562 58 33 622 770 0 37 0 1
22:41:00.740547 38 52 603 900 0 29 1 1
22:41:00.858545 42 49 526 881 1 90 0 1
22:41:00.978545 67 83 901 631 1 9 0 1
22:41:01.993537 35 47 513 749 1 31 1 0
22:41:02.110532 89 43 850 664 2 65 0 1
22:41:02.224527 88 38 511 1086 0 25 1 0
22:41:02.342627 48 65 585 888 2 78 1 1
22:41:02.459529 78 73 830 1007 1 78 0 0
22:41:02.574532 84 30 856 735 1 89 1 1
22:41:02.688227 63 69 879 822 2 36 0 0
22:41:02.801287 53 69 794 1020 1 64 0 1
22:41:02.914383 76 50 1005 496 0 85 0 1
22:41:03.029353 53 60 876 756 1 59 1 0
22:41:03.144223 80 85 1006 755 2 85 0 1
22:41:03.260213 65 35 802 1088 1 54 0 1
22:41:03.375324 66 89 989 719 2 28 0 1
22:41:03.491256 80 42 486 982 1 66 0 1
22:41:03.605338 51 34 781 596 0 11 0 1
22:41:03.716211 46 73 888 631 1 56 0 1
22:41:03.829215 73 52 501 468 2 19 0 0
22:41:03.942215 84 78 1092 474 2 24 0 1
22:41:04.056224 63 88 959 900 2 46 1 1
22:41:04.172222 90 84 832 586 2 76 0 1
22:41:04.285224 60 41 796 867 0 18 1 0
22:41:04.399217 78 82 639 603 0 1 1 0
22:41:04.513311 44 72 715 953 1 50 0 1
22:41:04.627355 58 82 859 734 1 19 0 0
22:41:04.742223 75 47 1003 947 2 55 0 0
22:41:04.858226 62 61 483 823 0 79 1 1
22:41:04.974215 60 52 534 1092 2 60 1 0
22:41:05.088565 68 56 627 936 2 75 1 1
22:41:05.201782 31 33 828 468 2 70 0 1
22:41:05.315676 85 57 541 788 0 90 1 0
22:41:05.428677 68 45 651 634 1 35 0 1
22:41:05.543668 48 84 846 871 1 23 1 0
22:41:05.657668 35 71 571 832 0 37 1 1
22:41:05.771837 41 66 758 575 0 24 0 0
22:41:05.885668 47 61 874 1093 0 25 1 1
22:41:06.003737 84 38 832 649 1 9 1 0
22:41:06.117001 78 65 963 768 0 88 0 0
22:41:06.231058 69 42 789 486 2 15 1 0
22:41:06.347045 62 74 614 767 2 21 0 0
22:41:06.460078 30 32 928 896 1 7 1 0
22:41:06.572033 71 50 1048 734 1 17 0 0
22:41:06.692141 83 57 748 495 2 30 0 1
22:41:06.816337 62 59 450 940 2 67 1 1
22:41:06.944375 35 78 1060 1055 1 30 0 0
22:41:07.057310 36 60 795 773 0 57 1 0
22:41:07.175886 73 61 747 510 2 11 1 1
22:41:07.297009 76 45 998 645 0 0 0 0
22:41:07.420306 56 85 1051 733 1 75 0 0
22:41:07.544039 68 40 899 772 1 34 0 0
22:41:07.665141 46 82 634 809 1 84 0 0
22:41:07.795198 37 58 514 870 1 11 1 0
22:41:07.918191 35 58 1085 1035 2 12 0 0
22:41:08.043411 88 72 926 1060 2 78 0 0
22:41:08.167155 33 84 658 875 2 79 0 1
22:41:08.281229 73 51 1061 717 2 39 0 0
22:41:08.401155 77 86 547 585 2 32 0 1
22:41:08.514156 37 72 1004 932 1 69 1 0
22:41:08.628947 46 75 561 893 1 75 1 0
22:41:08.752373 56 50 1070 783 2 19 0 0
22:41:08.874213 42 43 511 647 1 38 0 0
22:41:08.994963 73 46 590 906 2 85 0 1
22:41:09.119033 78 88 983 761 1 27 0 0
22:41:09.235028 66 56 1004 786 1 59 0 0
22:41:09.349029 51 40 589 564 1 70 0 1
22:41:09.463032 48 62 845 491 2 89 0 1
22:41:09.576301 43 41 700 741 1 78 0 1
22:41:09.699967 47 61 1048 527 1 80 1 1
22:41:09.824186 80 61 976 688 1 88 0 1
22:41:09.948223 64 31 700 871 2 25 0 0
22:41:10.071122 40 30 673 977 1 8 1 1
22:41:10.193997 46 63 472 721 1 57 0 1
22:41:10.319997 33 62 510 565 2 61 1 1
22:41:10.432986 37 52 907 780 1 58 1 1
22:41:10.547042 83 32 500 726 2 14 0 0
22:41:10.667596 51 47 991 894 1 57 1 0
22:41:10.796684 62 81 849 942 0 54 1 0
22:41:10.918184 68 44 492 1032 2 67 0 0
22:41:11.040049 58 31 785 513 1 57 0 0
22:41:11.163662 74 41 501 994 0 27 0 0
22:41:11.287251 54 34 675 588 2 44 0 0
22:41:11.417251 36 80 1029 871 1 58 0 0
22:41:11.543240 68 31 868 928 0 26 0 0
22:41:11.657225 73 50 1030 520 0 13 0 1
22:41:11.780505 56 30 465 872 2 37 0 1
22:41:11.901384 63 54 546 934 2 26 1 1
22:41:12.022441 38 61 678 1017 2 38 0 1
22:41:12.143651 77 82 657 535 1 31 1 0
22:41:12.267745 89 86 1087 828 0 6 0 0
22:41:12.792703 66 41 692 976 0 14 1 0
22:41:12.914253 50 32 456 806 0 7 1 0
22:41:13.037315 88 77 789 994 2 89 0 1
22:41:13.159634 41 36 960 1090 1 58 0 1
22:41:13.280427 90 52 1060 1060 1 89 0 1
22:41:13.403120 76 59 817 625 2 47 0 0
22:41:13.526846 68 85 773 611 1 45 0 1
22:41:13.652480 72 36 806 972 0 38 1 0
22:41:13.766257 30 86 586 935 2 86 0 0
22:41:13.879845 44 88 1046 554 1 90 0 1
22:41:13.998095 59 63 957 716 1 36 0 1
22:41:14.119628 81 80 995 984 2 72 1 1
22:41:14.241625 87 74 496 946 0 15 1 1
22:41:14.363422 68 84 740 886 0 86 0 1
22:41:14.486441 78 69 705 831 2 70 1 0
22:41:14.608889 46 71 867 580 2 71 0 0
22:41:14.730867 35 62 666 556 0 40 1 1
22:41:14.844870 44 72 882 1097 2 42 0 0
22:41:14.958358 34 62 710 484 2 13 0 0
22:41:15.080496 43 84 959 820 0 43 1 1
22:41:15.201622 66 64 948 980 2 87 0 0
22:41:15.323637 88 36 1010 801 1 85 1 1
22:41:15.450635 85 82 529 550 0 56 0 1
22:41:15.574555 64 79 952 746 2 45 0 1
22:41:15.694876 88 59 755 776 2 42 0 1
22:41:15.817037 56 41 1017 695 0 75 1 0
22:41:15.939150 86 56 578 850 1 32 0 0
22:41:16.052835 56 40 804 597 2 80 1 1
22:41:16.172959 66 50 883 968 2 42 1 1
22:41:16.295392 38 83 793 592 1 35 0 1
22:41:16.418039 49 60 487 1036 0 63 0 0
22:41:16.540649 52 66 1052 713 1 18 0 0
22:41:16.662097 88 49 812 588 1 57 0 0
22:41:16.783378 42 47 456 922 2 61 0 1
22:41:16.905375 68 89 1002 602 0 38 1 1
22:41:17.031374 30 79 598 1042 1 63 1 0
22:41:17.152718 39 53 605 957 1 24 1 1
22:41:17.264743 63 44 834 992 1 48 0 1
22:41:17.386722 43 30 910 616 1 82 0 1
22:41:17.513725 36 77 775 875 1 23 1 1
22:41:17.638725 78 51 664 693 0 32 1 0
22:41:17.758722 83 31 1031 844 0 58 0 0
22:41:17.877048 35 84 687 539 1 41 0 1
22:41:17.994726 43 61 951 874 0 14 0 0
22:41:18.110975 81 74 573 1008 0 89 0 0
22:41:18.224718 52 90 738 946 1 89 1 1
22:41:18.339357 49 52 825 815 1 82 1 1
22:41:18.462715 32 85 655 458 0 0 1 1
22:41:18.585308 54 41 863 1074 1 2 1 0
22:41:18.706992 63 66 505 999 2 90 1 1
22:41:18.829488 55 53 1047 571 2 80 1 0
22:41:18.953101 64 36 980 862 0 88 1 1
22:41:19.075256 39 34 488 487 2 81 1 1
22:41:19.206406 79 36 550 820 1 4 1 0
22:41:19.321087 70 42 682 932 0 7 0 0
22:41:19.441549 76 77 705 830 1 35 0 0
22:41:19.565798 36 40 868 1075 0 87 0 0
22:41:19.688787 87 50 524 479 2 50 1 1
22:41:19.810964 68 31 730 773 0 21 0 0
22:41:19.933987 48 35 849 485 1 26 0 0
22:41:20.057128 46 82 808 649 2 12 0 0
22:41:20.179215 60 90 871 1045 2 86 0 0
22:41:20.310149 31 52 595 851 2 62 1 1
22:41:20.435161 39 62 865 993 2 36 1 1
22:41:20.574140 83 52 546 627 0 81 1 1
22:41:20.690150 66 77 921 661 1 11 0 0
22:41:20.804842 33 66 847 605 1 66 1 0
22:41:20.927120 65 61 537 720 0 65 1 0
22:41:21.050332 56 47 474 562 2 90 1 0
22:41:21.171109 67 60 702 957 2 31 0 0
22:41:21.293941 74 60 576 653 0 26 0 1
22:41:21.414678 40 88 887 660 1 22 0 0
22:41:21.528922 37 63 915 543 0 2 1 0
22:41:21.641692 90 41 694 857 2 74 1 1
22:41:21.763337 30 40 468 714 0 84 1 0
22:41:21.885757 79 48 526 511 0 66 0 0
22:41:22.005946 57 89 1050 847 1 71 1 1
22:41:22.138945 86 74 667 646 2 25 0 0
22:41:22.260944 71 30 1017 483 2 69 0 1
22:41:22.386048 46 39 748 657 0 23 0 1
22:41:22.507652 71 77 570 877 0 47 1 0
22:41:22.636745 88 45 560 451 0 46 1 0
22:41:22.750793 34 32 645 545 1 66 1 1
22:41:22.871540 64 78 658 1056 1 5 0 0
22:41:22.994822 53 42 845 827 1 19 1 1
22:41:23.118016 31 38 926 894 0 75 0 0
22:41:23.240232 34 63 805 605 2 1 1 1
22:41:23.363937 69 50 524 469 0 72 1 1
22:41:23.518891 63 79 744 522 2 21 1 1
22:41:23.641898 68 63 785 796 0 90 1 0
22:41:23.762887 40 88 532 662 2 71 0 1
22:41:23.877280 72 31 1075 634 1 78 0 0
22:41:23.999403 60 82 509 1086 1 9 0 1
22:41:24.122153 51 75 506 930 0 38 1 1
22:41:24.243808 90 76 468 942 2 56 0 1
22:41:24.366601 80 67 719 723 1 73 1 0
22:41:24.488371 73 31 708 568 0 39 1 0
22:41:24.609375 56 73 827 792 2 46 0 0
22:41:24.735365 55 30 635 933 1 31 1 1
22:41:24.854553 44 79 995 810 0 22 0 0
22:41:24.970428 81 34 1037 655 2 25 0 0
22:41:25.094184 37 75 616 670 2 18 1 1
22:41:25.225576 86 45 944 690 0 3 1 0
22:41:25.347851 48 58 1027 982 1 63 1 1
22:41:25.468465 58 45 814 701 0 19 1 0
22:41:25.591210 73 46 977 498 1 25 1 1
22:41:25.719343 80 42 669 648 0 87 1 1
22:41:25.843110 59 81 513 678 2 50 0 1
22:41:25.965101 81 65 613 685 0 6 1 0
22:41:26.080518 57 30 990 582 0 89 0 0
22:41:26.201896 71 50 832 719 1 40 1 1
22:41:26.325167 43 71 958 467 0 35 0 0
22:41:26.447965 68 41 657 548 2 39 1 0
22:41:26.570534 32 35 861 1024 2 49 1 1
22:41:26.692816 51 67 691 514 2 20 1 1
22:41:26.815780 30 55 1041 921 2 5 0 0
22:41:26.941893 69 67 821 569 0 28 0 0
22:41:27.072882 60 46 1012 831 1 20 0 0
22:41:27.199364 68 53 1008 1069 2 41 0 1
22:41:27.330955 58 78 742 629 0 47 0 0
22:41:27.452316 39 56 543 645 0 74 0 0
22:41:27.575240 33 43 981 786 2 79 0 0
22:41:27.699227 43 60 865 887 0 8 1 1
22:41:27.829780 55 75 644 1061 1 26 1 0
22:41:27.944821 87 36 628 526 2 29 1 1
22:41:28.069063 90 90 748 575 2 48 1 0
22:41:28.179062 51 83 897 857 1 28 1 0
22:41:28.294056 64 42 655 1066 2 25 1 1
22:41:28.407949 80 79 881 858 0 8 1 1
22:41:28.530068 59 37 732 745 0 51 1 1
22:41:28.649057 62 87 901 800 2 10 0 0
22:41:28.764840 52 56 697 936 1 35 1 1
22:41:28.885763 75 71 706 815 2 65 1 0
22:41:29.005739 81 56 879 450 0 63 0 1
22:41:29.125766 73 63 566 1009 1 36 0 1
22:41:29.238984 52 89 834 454 1 6 0 1
22:41:29.351122 89 42 646 1058 0 86 0 1
22:41:29.683798 39 46 562 523 1 10 1 1
22:41:29.802655 84 85 574 902 1 62 1 1
22:41:29.924408 34 54 577 484 0 62 0 1
22:41:30.042496 50 55 591 601 0 44 1 0
22:41:30.164642 44 68 1042 587 1 6 1 1
22:41:30.285671 90 31 910 691 0 76 0 0
22:41:30.400647 54 45 1065 713 2 89 0 1
22:41:30.519783 88 31 494 688 2 67 1 1
22:41:30.640290 31 76 852 618 0 37 1 0
22:41:30.761691 71 72 958 645 1 57 0 0
22:41:30.881895 71 76 956 872 0 8 1 1
22:41:31.004477 70 71 733 589 2 50 0 1
22:41:31.125495 80 41 719 455 2 53 0 0
22:41:31.247824 68 73 1062 1002 1 70 0 1
22:41:31.371888 85 82 1081 982 2 50 1 1
22:41:31.485922 59 37 504 547 2 84 1 1
22:41:31.608822 88 70 1052 955 1 78 1 0
22:41:31.752465 40 57 757 1077 1 59 0 1
22:41:31.878325 68 76 743 545 1 77 1 0
22:41:32.000341 57 46 1040 625 2 18 0 0
22:41:32.123974 40 40 825 592 1 79 0 0
22:41:32.248403 81 58 704 860 0 22 1 0
22:41:32.377707 79 89 1076 865 2 85 1 0
22:41:32.507695 34 55 600 943 0 64 0 0
22:41:32.622781 58 34 989 511 0 45 0 1
22:41:32.745092 36 40 1064 723 1 34 1 0
22:41:32.870098 72 41 745 1033 2 25 0 0
22:41:32.993656 66 31 1044 988 1 64 1 1
22:41:33.119098 44 79 666 1100 1 19 0 0
22:41:33.243637 67 68 950 535 0 76 1 0
22:41:33.354470 68 88 493 555 2 27 1 1
22:41:33.478517 37 48 1030 1089 2 75 1 1
22:41:33.603467 37 81 881 1010 2 25 1 1
22:41:33.718466 69 34 788 931 1 11 0 1
22:41:33.832814 47 88 490 537 0 81 0 0
22:41:33.944910 30 59 1007 648 2 68 0 1
22:41:34.054842 63 55 864 595 2 37 0 1
22:41:34.164466 72 70 1009 1006 2 65 1 0
22:41:34.809395 36 43 561 977 0 60 0 0
22:41:34.923089 65 42 1060 879 0 30 0 1
22:41:35.036508 50 32 484 735 0 81 1 0
22:41:35.152276 39 31 564 697 0 56 0 1
22:41:35.270274 39 32 992 901 2 51 1 1
22:41:35.394266 39 53 553 908 0 42 1 1
22:41:35.506278 52 85 509 882 1 44 1 1
22:41:35.628287 57 38 625 1095 0 32 0 1
22:41:35.753844 85 69 532 873 1 34 1 1
22:41:35.883698 46 72 957 1067 0 23 0 0
22:41:35.993558 45 58 475 859 1 28 1 0
22:41:36.113485 84 63 958 776 1 87 1 0
22:41:36.233046 70 36 523 943 1 78 1 0
22:41:36.357048 45 46 728 638 0 81 1 0
22:41:36.481160 36 39 890 727 0 51 0 0
22:41:36.602187 81 79 767 658 2 14 0 0
22:41:36.712039 87 30 968 769 0 44 1 0
22:41:36.824366 46 65 635 940 0 28 1 0
22:41:36.957371 45 49 963 552 2 53 0 1
22:41:37.084369 47 36 802 822 1 40 1 0
22:41:37.210367 52 71 982 624 0 70 1 1
22:41:37.333371 52 68 914 532 2 64 1 1
22:41:37.455382 85 88 493 873 2 83 1 0
22:41:37.580467 87 47 469 502 1 18 0 0
22:41:37.701429 65 39 699 723 0 24 1 0
22:41:37.820803 78 32 537 1027 0 43 0 1
22:41:37.941622 72 73 463 938 1 84 0 1
22:41:38.069756 60 58 936 645 1 38 1 1
22:41:38.197739 42 81 847 605 1 47 1 1
22:41:38.318864 69 31 529 806 0 74 1 1
22:41:38.432569 54 32 707 1064 1 49 1 1
22:41:38.552415 41 86 827 1090 2 72 1 1
22:41:38.665122 44 48 620 907 0 38 1 0
22:41:38.776610 39 77 675 1078 0 30 0 1
22:41:38.888607 86 52 497 822 0 64 0 1
22:41:39.000241 32 83 1059 673 2 74 0 0
22:41:39.113112 54 41 618 574 2 57 1 1
22:41:39.224910 83 30 984 488 0 87 0 0
22:41:39.351907 42 70 810 471 1 34 0 0
22:41:39.471911 77 36 829 858 0 50 0 0
22:41:39.584920 84 58 781 821 0 43 0 1
22:41:39.703983 69 76 814 822 1 4 0 0
22:41:39.823002 79 43 754 1067 0 68 0 0
22:41:39.947999 84 35 826 769 0 22 0 0
22:41:40.069985 69 82 1095 1048 1 35 0 0
22:41:40.194729 54 83 671 713 2 79 0 1
22:41:40.315741 64 30 820 560 1 6 0 0
22:41:40.442728 88 63 1017 726 2 33 1 1
22:41:40.569731 67 54 673 968 0 27 1 0
22:41:40.691732 63 73 987 894 2 52 1 1
22:41:40.806353 84 57 1082 972 2 86 0 1
22:41:40.925928 54 46 1081 832 2 71 0 0
22:41:41.047279 37 46 812 633 1 32 1 1
22:41:41.167020 78 75 567 935 1 85 0 1
22:41:41.287008 39 44 1044 603 2 61 1 0
22:41:41.398010 66 82 639 743 2 30 0 1
22:41:41.510012 70 37 505 996 1 14 1 1
22:41:41.621114 57 53 877 958 2 75 0 0
22:41:41.730017 66 54 487 683 2 22 0 1
22:41:41.843920 51 60 934 756 1 50 0 1
22:41:41.954950 33 80 582 515 1 77 0 1
22:41:42.070942 82 44 578 769 1 51 0 0
22:41:42.185707 38 85 1039 781 1 44 1 1
22:41:42.300018 86 39 993 623 2 42 1 1
22:41:42.413402 64 77 1026 525 1 32 1 0
22:41:42.531394 35 48 1058 1097 0 40 1 1
22:41:42.647068 74 37 666 1066 2 25 1 0
22:41:42.756088 53 47 1076 639 1 29 0 1
22:41:42.868582 59 51 723 1013 2 27 1 0
22:41:42.980728 54 43 519 898 2 36 0 1
22:41:43.094052 69 31 712 630 0 55 1 0
22:41:43.216735 46 58 879 930 0 64 0 1
22:41:43.338291 58 73 1060 1038 1 47 0 1
22:41:43.456897 67 51 478 810 1 38 1 0
22:41:43.577709 74 34 636 461 0 41 0 0
22:41:43.699354 53 68 740 1060 0 3 0 1
22:41:43.822029 60 81 1075 610 1 15 1 0
22:41:43.944805 82 39 813 613 2 3 0 1
22:41:44.068858 85 85 832 826 2 57 1 1
22:41:44.188838 90 77 763 641 0 19 0 0
22:41:44.310092 30 54 829 824 2 29 0 1
22:41:44.422810 55 78 734 873 0 73 0 1
22:41:44.535928 62 60 462 1023 0 47 1 0
22:41:44.655199 66 62 1027 761 0 11 1 1
22:41:44.777107 38 88 1006 999 2 36 1 1
22:41:44.903099 73 74 462 599 1 38 0 0
22:41:45.017178 86 32 891 607 2 6 0 1
22:41:45.135891 37 76 752 727 2 40 0 0
22:41:45.254709 57 84 591 540 0 24 1 0
22:41:45.377254 63 56 1065 583 2 60 0 0
22:41:45.496314 88 87 608 888 1 28 0 0
22:41:45.620018 79 57 969 762 2 4 1 0
22:41:45.739972 78 48 934 706 1 54 1 0
22:41:45.849973 46 80 595 934 0 45 1 0
22:41:45.961974 36 57 927 619 2 49 0 1
22:41:46.817938 37 53 658 568 2 35 0 1
22:41:46.937833 70 73 814 876 2 20 0 0
22:41:47.057813 36 67 627 1064 2 80 1 0
22:41:47.169860 72 39 911 899 1 0 1 0
22:41:47.282832 38 83 976 733 0 29 0 0
22:41:47.405211 84 69 1029 811 2 33 1 1
22:41:47.527240 31 48 518 556 0 38 1 0
22:41:47.645958 84 49 978 653 1 71 1 0
22:41:47.769079 42 30 969 967 2 30 1 1
22:41:47.887508 45 71 637 695 2 9 0 1
22:41:48.010451 62 59 839 724 1 29 0 1
22:41:48.132446 47 79 736 523 1 34 1 1
22:41:48.243447 78 83 833 985 1 56 1 1
22:41:48.356982 47 63 611 488 2 63 1 0
22:41:48.475948 79 55 1054 1010 0 44 0 0
22:41:48.597312 59 55 1057 852 0 55 1 0
22:41:48.718383 64 49 1030 961 2 69 1 0
22:41:48.838579 48 57 805 1028 1 69 0 1
22:41:48.959844 86 71 1099 631 1 64 1 0
22:41:49.082972 63 90 553 661 0 11 0 0
22:41:49.203979 32 67 879 980 2 2 1 0
22:41:49.324063 73 82 717 780 1 38 1 1
22:41:49.437086 33 50 491 755 2 88 0 1
22:41:49.556242 71 42 584 614 2 63 0 0
22:41:49.675364 89 68 1004 932 1 37 0 1
22:41:49.798024 45 44 852 1075 2 3 1 1
22:41:49.918224 32 37 995 688 2 89 0 1
22:41:50.037932 36 49 625 624 1 5 0 0
22:41:50.159352 66 78 693 676 2 36 0 0
22:41:50.284782 34 61 799 1060 2 52 1 1
22:41:50.407784 86 83 951 758 0 28 0 1
22:41:50.523887 78 74 862 564 2 32 1 0
22:41:50.635159 84 36 1057 796 0 1 1 0
22:41:50.755067 41 65 656 590 0 5 0 1
22:41:50.873401 54 67 775 660 2 25 0 1
22:41:50.993425 53 87 507 704 0 12 1 0
22:41:51.112464 68 62 914 663 0 26 1 0
22:41:51.231939 46 77 501 719 2 67 0 0
22:41:51.352481 51 74 952 994 0 22 0 1
22:41:51.477382 37 33 507 930 1 16 0 0
22:41:51.589951 40 63 1014 824 0 69 1 0
22:41:51.703571 57 46 911 824 0 67 0 1
22:41:51.823045 30 30 913 608 1 42 1 0
22:41:51.944271 51 56 1082 570 0 25 1 1
22:41:52.062451 38 56 802 734 0 79 1 1
22:41:52.184353 61 67 648 519 1 69 0 1
22:41:52.304840 73 52 560 873 1 59 0 1
22:41:52.422468 85 37 833 587 1 8 1 0
22:41:52.542334 64 45 698 960 0 13 0 1
22:41:52.661753 31 53 809 547 0 15 0 1
22:41:52.796744 88 43 779 907 1 41 1 1
22:41:52.916744 84 70 1001 895 2 55 1 0
22:41:53.039750 82 62 744 834 0 39 0 0
22:41:53.159748 67 56 606 547 0 11 1 0
22:41:53.279770 55 45 939 467 2 41 1 1
22:41:53.399157 71 51 770 528 0 24 0 0
22:41:53.519241 51 54 995 495 0 18 1 1
22:41:53.640144 53 89 1019 948 2 48 1 1
22:41:53.753351 55 40 1080 680 0 12 1 0
22:41:53.866270 38 84 773 563 0 74 1 1
22:41:53.979423 61 88 510 996 0 20 1 1
22:41:54.099971 57 87 837 867 1 62 1 0
22:41:54.221578 67 31 735 829 1 83 1 1
22:41:54.343401 35 47 507 924 0 20 0 1
22:41:54.464504 89 54 897 524 2 76 0 0
22:41:54.586662 83 80 939 693 2 42 0 0
22:41:54.707898 32 46 962 696 2 43 0 0
22:41:54.828437 68 43 777 567 2 1 0 1
22:41:54.950429 62 84 562 645 0 57 0 1
22:41:55.065814 62 51 826 563 0 16 0 0
22:41:55.178643 57 69 495 882 0 70 1 1
22:41:55.300340 86 45 823 582 1 66 0 1
22:41:55.422562 44 76 713 602 1 52 1 1
22:41:55.543856 46 56 899 522 2 35 1 0
22:41:55.665363 42 54 649 752 0 5 0 1
22:41:55.796522 49 84 616 1031 2 9 1 1
22:41:55.918236 34 67 532 946 2 27 0 0
22:41:56.045070 68 74 999 478 2 72 0 1
22:41:56.164078 78 52 898 565 2 59 1 1
22:41:56.278251 32 84 917 701 0 24 1 0
22:41:56.401666 84 39 724 593 1 75 1 1
22:41:56.521904 49 38 718 857 1 52 0 1
22:41:56.635259 55 32 678 525 0 34 0 0
22:41:56.759653 68 35 490 588 2 37 1 0
22:41:56.881142 40 86 723 883 2 21 0 1
22:41:57.007973 40 39 626 886 2 59 0 1
22:41:57.126968 36 86 607 770 2 36 0 0
22:41:57.239977 87 87 787 1045 1 30 1 0
22:41:57.501118 85 79 910 557 0 44 1 1
22:41:57.624120 60 81 511 1011 0 64 1 0
22:41:57.752101 78 53 672 672 2 44 1 0
22:41:57.866241 38 38 680 673 1 37 0 0
22:41:57.986227 35 32 817 595 0 80 0 1
22:41:58.111197 44 73 955 1037 2 0 0 1
22:41:58.234057 67 73 952 674 2 14 0 0
22:41:58.360971 52 32 1007 890 0 36 1 1
22:41:58.474251 60 64 529 524 0 70 1 1
22:41:58.589054 71 67 904 828 0 42 0 1
22:41:58.712844 38 66 579 884 1 14 0 0
22:41:58.839846 78 72 583 1024 1 53 1 0
22:41:58.967132 54 72 662 931 0 16 0 0
22:41:59.093447 61 36 786 954 1 36 1 0
22:41:59.218073 53 37 877 627 0 19 0 0
22:41:59.351099 85 72 915 1038 0 32 1 1
22:41:59.478889 62 54 803 772 1 86 0 0
22:41:59.609882 58 88 1013 689 1 35 0 0
22:41:59.735875 73 79 603 475 1 58 1 0
22:41:59.861823 56 55 951 534 2 57 0 0
22:41:59.987843 50 34 560 903 1 62 1 0
22:42:00.119823 88 73 537 974 2 26 1 0
22:42:00.234688 58 78 518 574 0 73 0 1
22:42:00.358813 86 81 956 479 1 36 0 1
22:42:00.486094 84 55 627 616 1 88 1 1
22:42:00.618268 31 35 658 911 0 35 0 1
22:42:00.729084 38 49 606 1057 1 74 1 0
22:42:00.843085 64 34 824 937 0 47 0 1
22:42:00.956760 67 32 780 805 0 16 0 1
22:42:01.070715 48 80 1069 690 2 9 0 0
22:42:01.195503 79 80 550 1088 0 19 0 0
22:42:01.322921 41 87 930 565 0 73 0 0
22:42:01.446572 90 85 1039 782 0 42 1 1
22:42:01.695384 35 71 982 906 0 6 1 1
22:42:01.811381 59 48 594 709 2 74 1 1
22:42:01.929384 86 61 1012 857 0 16 1 0
22:42:02.042768 86 31 940 738 2 87 1 1
22:42:02.166381 73 32 1033 498 1 56 0 0
22:42:02.287747 32 74 661 894 2 28 0 1
22:42:02.407658 36 88 868 926 1 50 0 1
22:42:02.519720 79 86 503 848 0 30 0 1
22:42:02.632149 62 78 1040 850 1 69 0 0
22:42:02.748221 35 87 486 456 2 78 0 1
22:42:02.874220 42 76 776 775 0 4 0 0
22:42:02.994224 68 56 726 691 2 62 1 0
22:42:03.107300 58 72 687 710 2 68 0 1
22:42:03.224216 38 72 855 1052 1 17 1 0
22:42:03.339330 70 37 539 740 1 77 1 1
22:42:03.456220 36 80 674 980 1 16 0 0
22:42:03.579366 82 69 676 573 2 10 1 0
22:42:03.693615 74 78 983 573 0 41 0 0
22:42:03.814672 53 88 773 1075 1 5 1 1
22:42:03.933454 55 77 824 862 0 25 1 1
22:42:04.052870 38 45 952 750 0 59 1 0
22:42:04.167614 51 33 592 578 2 84 1 0
22:42:04.286608 87 40 974 872 1 31 0 0
22:42:04.399613 80 35 843 625 1 83 1 1
22:42:04.512607 59 77 803 617 2 56 1 1
22:42:04.624644 83 49 798 814 0 26 1 1
22:42:04.743250 84 56 612 598 2 37 0 0
22:42:04.863528 39 68 543 954 0 33 0 1
22:42:04.983717 40 50 1050 760 1 75 0 1
22:42:05.109681 71 52 628 886 2 39 0 1
22:42:05.240658 44 44 569 1072 1 42 0 1
22:42:05.354673 70 60 862 767 1 22 0 0
22:42:05.466678 45 45 839 982 1 78 0 1
22:42:05.588575 43 40 981 848 0 70 0 1
22:42:05.709928 50 68 638 942 1 89 1 1
22:42:05.833442 46 67 810 856 2 86 0 0
22:42:05.959918 45 48 587 902 0 85 0 1
22:42:06.074013 89 54 1089 471 0 90 0 1
22:42:06.185941 88 30 889 724 2 39 0 0
22:42:06.310757 48 58 1058 949 0 24 0 1
22:42:06.436930 77 33 457 535 2 27 1 0
22:42:06.564929 84 64 514 787 1 22 1 1
22:42:06.688222 54 42 1070 479 2 41 1 0
22:42:06.810197 38 87 961 542 0 21 1 1
22:42:06.937198 70 43 1063 647 1 30 0 1
22:42:07.065195 62 55 525 759 0 24 1 1
22:42:07.189327 86 63 459 766 2 9 1 1
22:42:07.315264 65 75 858 1033 0 53 1 0
22:42:07.451607 41 50 628 953 2 59 0 0
22:42:07.569603 74 30 963 1005 0 58 1 1
22:42:07.688670 61 61 560 474 2 65 1 0
22:42:07.811609 50 57 530 486 0 36 1 0
22:42:07.937737 61 87 690 502 1 14 1 1
22:42:08.055270 89 75 1013 794 2 85 1 0
22:42:08.167598 31 46 748 989 0 7 1 1
22:42:08.281610 41 37 1003 849 1 27 1 1
22:42:08.404821 83 40 729 583 2 46 0 1
22:42:08.527613 72 90 741 808 1 16 1 0
22:42:08.654853 83 70 1041 550 2 46 0 0
22:42:08.768374 53 70 588 630 0 77 1 0
22:42:08.876724 56 55 531 1028 1 27 1 0
22:42:08.988601 39 32 872 1022 2 5 1 0
22:42:09.101598 34 40 963 882 2 86 0 0
22:42:09.216778 78 80 464 626 0 25 0 0
22:42:09.332481 86 87 725 827 0 0 1 1
22:42:09.442092 44 62 897 901 1 44 0 0
22:42:09.553639 58 69 633 762 0 48 0 0
22:42:09.662669 82 44 724 998 2 72 1 0
22:42:09.774681 40 70 1083 818 2 69 1 0
22:42:09.882719 89 31 815 1091 0 11 1 1
22:42:09.992596 67 79 1088 922 0 46 0 1
22:42:10.101723 54 85 871 847 1 35 0 1
22:42:10.210756 58 37 702 777 2 1 1 1
22:42:10.321593 83 41 857 854 0 56 0 0
22:42:10.444246 85 68 724 716 1 19 0 0
22:42:10.554597 79 37 648 943 2 3 1 0
22:42:10.666599 89 83 943 794 0 59 1 1
22:42:10.784604 54 68 645 654 2 76 0 0
22:42:10.904602 49 68 508 791 2 40 0 0
22:42:11.016443 53 33 1008 610 0 30 1 1
22:42:11.128745 39 57 693 493 1 36 1 0
22:42:11.239747 88 68 1098 1078 1 7 0 0
22:42:11.351599 42 81 986 665 0 42 0 1
22:42:11.463286 35 59 736 768 2 74 0 0
22:42:11.572208 38 44 592 757 1 63 1 0
22:42:11.685601 47 89 586 709 2 65 1 1
22:42:11.795703 33 47 477 729 0 67 1 1
22:42:11.908604 46 43 712 1044 0 85 0 0
22:42:12.022599 74 84 585 570 0 11 0 0
22:42:12.137600 90 71 1007 665 0 42 0 0
22:42:12.251613 53 34 761 550 1 82 0 0
22:42:12.365779 61 48 793 746 0 90 1 0
22:42:12.475641 59 36 936 765 1 1 0 1
22:42:12.588246 46 72 806 683 1 90 1 0
22:42:12.697336 72 43 978 557 0 4 0 0
22:42:12.807043 43 34 478 495 1 52 1 1
22:42:12.918599 73 64 911 886 0 64 0 0
22:42:13.027606 87 81 1029 1044 0 54 1 1
22:42:13.145658 60 89 930 683 0 86 1 1
22:42:13.259596 59 80 498 922 0 15 0 1
22:42:13.370639 83 64 486 639 2 14 1 1
22:42:13.479596 77 40 1029 1047 0 16 0 0
22:42:13.593602 84 44 474 1065 2 80 0 0
22:42:13.708731 55 57 622 486 2 67 0 0
22:42:13.824599 77 43 669 582 2 84 1 1
22:42:13.939597 70 61 857 615 0 51 1 0
22:42:14.051642 41 40 849 1029 0 53 0 0
22:42:14.162601 41 86 958 739 2 28 1 0
22:42:14.273600 67 59 972 629 1 47 1 1
22:42:14.383946 60 75 1081 653 2 26 0 1
22:42:14.497350 67 34 461 799 1 64 1 1
22:42:14.608602 86 57 753 730 2 21 0 0
22:42:14.719598 41 86 511 757 1 35 0 0
22:42:14.830644 86 66 766 515 2 75 0 1
22:42:14.944958 37 45 629 890 2 86 1 0
22:42:15.058598 49 30 943 821 1 29 1 0
22:42:15.170642 44 43 841 876 0 0 0 0
22:42:15.281599 33 79 1027 623 0 29 0 0
22:42:15.390600 84 40 1022 730 2 12 0 0
22:42:15.501598 68 39 475 696 1 66 0 1
22:42:15.612943 60 34 848 787 0 64 0 1
22:42:15.725637 79 35 781 581 1 86 1 0
22:42:15.833744 67 42 928 759 2 86 0 0
22:42:15.942639 84 63 767 519 1 45 0 1
22:42:16.054640 46 68 1032 977 2 6 1 1
22:42:16.164777 76 35 760 954 0 55 1 1
22:42:16.274607 63 77 633 568 2 47 0 1
22:42:16.388596 42 39 872 1025 2 43 0 1
22:42:16.498597 39 36 845 779 0 90 1 0
22:42:16.609608 49 86 1043 1077 1 4 1 0
22:42:16.722721 31 51 773 1090 0 24 1 1
22:42:16.831643 54 75 875 496 1 54 0 0
22:42:16.940640 60 53 578 780 2 23 0 1
22:42:17.050597 55 80 1063 553 1 83 0 0
22:42:17.161603 30 35 522 658 2 40 0 0
22:42:17.271642 77 80 591 592 1 17 1 1
22:42:17.380629 46 41 681 950 0 5 0 1
22:42:17.489600 67 58 767 611 0 90 1 0
22:42:17.600600 73 45 853 988 1 32 0 0
22:42:17.709639 77 63 771 1066 1 28 1 0
22:42:17.819222 72 42 981 836 1 78 1 0
22:42:17.927738 77 36 522 860 2 78 0 0
22:42:18.036667 43 53 673 996 2 47 0 0
22:42:18.147155 71 72 1052 690 1 79 0 0
22:42:18.256159 82 73 853 1022 0 7 0 1
22:42:18.366169 73 72 580 655 2 85 0 1
22:42:18.474599 90 56 599 931 1 0 0 1
22:42:18.588600 78 68 838 828 2 8 0 1
22:42:18.706212 72 33 597 889 0 83 0 0
22:42:18.819283 79 76 860 581 1 37 0 0
22:42:18.929598 62 61 968 740 2 71 1 0
22:42:19.038178 66 81 774 786 0 86 1 0
22:42:19.146596 32 59 1026 797 0 89 1 1
22:42:19.260608 49 75 730 747 0 75 1 1
22:42:19.374640 60 59 867 798 0 78 0 1
22:42:19.484594 69 80 917 776 2 79 0 0
22:42:19.644599 81 83 766 962 0 89 1 0
22:42:19.753152 85 42 1048 957 0 17 1 1
22:42:19.862055 39 82 1052 623 0 38 1 0
22:42:19.972188 80 84 477 888 2 0 1 0
22:42:20.081634 64 40 1063 931 1 58 0 1
22:42:20.191603 85 60 465 546 0 58 1 0
22:42:20.301341 50 68 1043 775 1 31 1 0
22:42:20.410390 56 72 662 1096 0 1 0 0
22:42:20.520327 52 40 1047 1054 0 37 1 1
22:42:20.636750 33 66 522 893 1 47 1 0
22:42:20.753584 84 50 451 494 2 45 1 1
22:42:20.874487 33 77 1081 673 0 0 1 1
22:42:20.999589 34 67 870 1047 1 45 0 0
22:42:21.118841 46 54 812 728 1 57 0 1
22:42:21.243629 56 75 823 975 2 11 1 0
22:42:21.353236 50 87 833 1072 0 43 1 1
22:42:21.464237 35 81 669 946 1 48 0 1
22:42:21.577589 61 74 712 912 0 15 0 1
22:42:21.701893 70 79 895 668 2 13 0 0
22:42:21.823344 89 65 1079 814 0 65 1 1
22:42:21.945600 43 87 744 536 1 23 0 0
22:42:22.070371 65 71 474 712 2 16 0 1
22:42:22.195736 90 45 471 762 0 37 0 0
22:42:22.323751 85 52 1044 644 2 75 0 1
22:42:22.444957 89 77 1019 783 1 62 0 0
22:42:22.558953 48 38 832 592 2 72 1 0
22:42:22.680030 38 73 1043 661 2 22 1 0
22:42:22.806253 83 39 967 579 1 77 0 1
22:42:22.926743 88 53 605 1066 2 74 1 1
22:42:23.048923 44 47 634 678 0 36 0 1
22:42:23.170985 76 74 602 916 1 23 0 1
22:42:23.292959 41 33 824 467 2 44 0 0
22:42:23.414739 73 54 920 825 1 47 0 0
22:42:23.535731 63 89 1046 624 1 4 0 1
22:42:23.644954 75 31 634 1001 1 56 0 0
22:42:23.766686 58 32 1015 953 1 8 1 1
22:42:23.886879 64 84 1099 928 1 17 0 0
22:42:24.010887 90 35 868 691 1 66 1 0
22:42:24.135304 33 59 660 622 2 81 1 0
22:42:24.258190 50 57 535 464 2 47 0 1
22:42:25.372687 74 83 1037 810 2 41 0 0
22:42:25.499705 42 52 701 741 2 7 0 1
22:42:25.629639 52 77 772 658 0 16 0 1
22:42:25.763314 45 85 823 738 1 36 0 0
22:42:25.876611 60 75 1001 920 2 22 1 1
22:42:25.990401 66 45 704 1010 0 28 1 0
22:42:26.113380 55 87 576 575 1 48 1 1
22:42:26.236383 89 81 870 1030 2 50 1 1
22:42:26.359381 85 85 462 882 1 10 1 1
22:42:26.481673 84 89 463 488 0 40 1 0
22:42:26.604664 71 36 866 945 2 50 1 1
22:42:26.726959 44 65 522 512 1 34 1 1
22:42:26.853678 54 53 728 541 2 6 1 0
22:42:26.976656 51 80 804 648 1 22 1 0
22:42:27.090788 31 50 698 847 0 89 0 1
22:42:27.205836 74 72 533 589 2 38 0 0
22:42:27.327742 45 68 652 784 2 69 0 0
22:42:27.450351 70 41 717 1006 0 81 1 0
22:42:27.574532 87 79 723 1096 1 3 0 0
22:42:27.697757 84 78 787 1096 2 21 1 1
22:42:27.820759 41 40 854 813 2 0 1 1
22:42:27.946769 77 31 491 658 2 77 0 0
22:42:28.075762 58 56 946 603 2 1 0 1
22:42:28.203750 74 63 865 819 0 18 1 1
22:42:28.319759 65 76 563 985 2 88 1 0
22:42:28.441820 58 39 488 1064 1 4 0 1
22:42:28.563927 47 33 622 564 0 61 0 1
22:42:28.683911 80 65 974 849 2 84 1 0
22:42:28.800094 75 64 1021 832 2 79 0 1
22:42:28.923682 59 62 575 845 0 60 1 1
22:42:29.048218 46 32 957 534 0 79 1 1
22:42:29.175219 51 30 969 583 1 49 1 1
22:42:29.289200 56 55 904 1070 1 60 1 1
22:42:29.403582 65 63 511 813 2 77 1 1
22:42:29.529328 57 87 488 942 1 76 0 1
22:42:29.654799 81 69 484 711 0 85 1 0
22:42:29.779791 87 79 847 485 2 8 1 0
22:42:29.907482 61 52 962 769 1 68 1 0
22:42:30.031618 55 89 629 898 2 79 1 1
22:42:30.155226 80 61 625 526 0 59 1 1
22:42:30.278044 60 77 667 859 1 73 0 0
22:42:30.402021 88 88 777 467 2 43 0 1
22:42:30.519022 57 54 514 957 0 66 1 1
22:42:30.633244 42 52 900 731 1 28 1 0
22:42:30.746257 64 68 1008 687 1 29 0 1
22:42:30.861046 47 58 1038 671 1 10 0 0
22:42:30.983795 46 58 600 513 1 67 1 1
22:42:31.105868 56 45 706 1072 1 50 0 1
22:42:31.230670 84 68 891 763 1 67 0 0
22:42:31.354267 64 33 480 614 2 50 1 0
22:42:31.475472 69 60 1009 1096 0 62 1 1
22:42:31.600429 62 57 485 1044 1 62 0 0
22:42:31.730589 34 70 508 1034 2 39 0 1
22:42:31.847412 86 53 584 543 1 69 1 0
22:42:31.962462 45 56 962 501 2 81 0 0
22:42:32.085019 55 88 625 541 1 22 1 1
22:42:32.206704 72 65 1064 633 2 84 0 0
22:42:32.329864 48 51 518 642 0 65 0 1
22:42:32.451048 59 50 502 952 0 18 1 0
22:42:32.573012 66 56 1032 591 0 84 0 0
22:42:32.694543 84 63 951 463 0 32 1 1
22:42:32.820058 46 90 884 1031 2 8 1 1
22:42:32.943055 61 73 523 1049 0 83 1 1
22:42:33.054273 51 68 901 967 1 0 1 1
22:42:33.175164 88 54 1064 736 2 45 1 0
22:42:33.295970 90 62 660 971 0 62 0 1
22:42:33.417918 34 76 620 870 0 46 1 0
22:42:33.539531 30 61 871 635 2 82 0 1
22:42:33.669563 49 52 753 1001 1 41 1 0
22:42:33.797337 43 42 1017 630 2 68 0 1
22:42:33.919961 90 50 674 949 0 89 0 1
22:42:34.054831 43 86 917 783 1 68 1 0
22:42:34.168826 71 49 808 1064 1 8 1 0
22:42:34.289835 66 39 790 991 2 78 1 0
22:42:34.411172 84 48 553 809 1 89 1 1
22:42:34.533807 32 76 688 989 2 66 0 1
22:42:34.655525 77 76 581 695 2 41 1 0
22:42:34.778026 61 72 908 600 1 12 0 1
22:42:34.901638 55 72 568 924 0 59 0 0
22:42:35.022579 48 71 678 816 1 77 0 1
22:42:35.148578 51 48 947 913 1 86 0 0
22:42:35.278904 79 86 1095 1057 1 52 0 0
22:42:35.402592 86 38 605 644 1 38 1 1
22:42:35.523572 67 73 993 519 1 1 0 1
22:42:35.639484 80 73 623 954 1 83 0 1
22:42:35.762175 86 57 869 824 0 12 1 0
22:42:35.893120 48 59 918 857 0 50 0 0
22:42:36.014765 81 58 608 524 2 51 1 0
22:42:36.137230 54 42 803 935 0 81 0 1
22:42:36.259192 65 58 1075 1086 2 82 0 0
22:42:36.373195 51 45 1057 608 1 72 1 1
22:42:36.484050 54 87 1086 850 0 33 1 0
22:42:36.597791 64 35 462 757 2 69 1 0
22:42:36.719030 30 54 580 925 2 24 1 0
22:42:36.841128 47 66 516 629 2 14 0 0
22:42:36.963541 77 77 578 463 0 52 0 0
22:42:37.086527 32 80 689 969 2 42 0 0
22:42:37.208681 72 70 1013 640 2 89 0 0
22:42:37.330449 30 45 720 528 0 74 1 1
22:42:37.451454 45 79 566 452 0 75 0 0
22:42:37.566271 49 35 650 650 2 29 1 1
22:42:37.687748 58 55 645 590 2 31 0 0
22:42:37.813978 46 90 571 911 0 18 1 0
22:42:37.935531 79 66 945 864 0 14 0 1
22:42:38.056757 59 35 935 627 2 81 0 0
22:42:38.178381 85 87 812 1045 1 20 0 0
22:42:38.300271 40 38 581 982 2 15 1 0
22:42:38.423104 56 84 812 737 0 25 1 0
22:42:38.552108 42 80 891 762 2 71 1 0
22:42:38.666095 31 68 647 466 2 86 0 1
22:42:38.781013 80 37 809 488 1 34 0 0
22:42:38.901592 75 84 635 989 0 90 1 0
22:42:39.021908 41 31 804 785 1 44 0 1
22:42:39.144216 78 74 703 543 1 33 0 0
22:42:39.266136 60 81 942 721 0 34 0 1
22:42:39.390458 85 73 488 582 0 75 1 0
22:42:39.511933 50 86 611 790 2 86 1 1
22:42:39.636925 48 81 536 901 2 20 1 0
22:42:39.749935 52 63 840 898 1 28 1 1
22:42:39.871103 80 33 789 1044 0 51 1 1
22:42:39.993640 35 45 632 614 0 61 0 1
22:42:40.115835 80 68 587 520 0 0 1 0
22:42:40.237446 72 71 532 541 1 13 1 1
22:42:40.360716 62 45 977 979 0 37 1 0
22:42:40.484931 65 65 779 545 1 36 0 1
22:42:40.608142 48 45 615 783 0 2 0 1
22:42:40.728509 74 86 948 667 1 32 0 1
22:42:40.843105 68 80 1012 824 1 15 1 1
22:42:40.967620 79 67 610 1026 1 67 1 1
22:42:41.088094 70 42 599 530 2 41 0 0
22:42:41.210333 53 37 757 939 0 43 1 1
22:42:41.332846 58 81 917 1013 2 52 1 0
22:42:41.454993 46 47 577 450 0 20 1 0
22:42:41.577400 36 35 858 635 2 75 0 0
22:42:41.702927 46 82 668 707 2 63 0 1
22:42:41.824706 30 77 732 636 1 30 0 1
22:42:41.945937 88 62 1095 930 0 57 1 0
22:42:42.061337 52 30 802 809 1 29 1 0
22:42:42.183359 47 60 1025 767 0 11 0 0
22:42:42.305339 49 89 508 887 2 72 1 0
22:42:42.426718 80 36 838 514 2 3 1 1
22:42:42.550956 51 70 783 506 0 70 0 0
22:42:42.672796 79 55 1001 853 2 81 1 1
22:42:42.796571 35 84 728 487 2 18 1 0
22:42:42.920212 38 66 477 928 1 87 0 0
22:42:43.043314 65 42 742 1001 0 63 0 0
22:42:43.158014 60 47 859 740 1 39 1 1
22:42:43.281698 83 63 1022 1093 1 88 1 1
22:42:43.403646 53 84 502 933 1 48 1 0
22:42:43.526421 40 75 545 490 0 20 0 0
22:42:43.649154 49 57 854 715 0 49 0 1
22:42:43.773689 61 78 693 793 0 30 0 0
22:42:43.899080 70 35 909 609 1 81 0 0
22:42:44.026163 73 63 634 650 1 74 0 1
22:42:44.155284 65 63 541 626 0 48 0 1
22:42:44.289157 47 45 668 463 0 45 0 1
22:42:44.402278 64 78 667 641 0 77 0 1
22:42:44.516473 84 77 590 787 0 30 1 1
22:42:44.638305 75 57 879 1031 2 23 0 0
22:42:44.762549 58 51 768 752 2 68 0 0
22:42:44.900207 32 71 784 452 0 1 1 1
22:42:45.023219 88 53 1057 907 1 16 0 1
22:42:45.153343 83 71 736 995 1 21 0 1
22:42:45.281332 49 31 753 746 2 76 1 1
22:42:45.404346 67 54 1013 795 2 19 1 0
22:42:45.520136 52 36 455 664 1 20 0 0
22:42:45.642422 33 31 616 726 2 69 1 1
22:42:45.765054 52 75 708 457 2 37 0 0
22:42:45.887569 60 66 1093 737 2 29 0 0
22:42:46.010734 33 38 1052 615 2 85 0 1
22:42:46.133234 68 59 824 863 2 47 1 1
22:42:46.257788 59 46 520 570 0 68 0 1
22:42:46.383035 68 43 831 814 1 6 0 0
22:42:46.498779 83 59 911 640 2 90 0 0
22:42:46.618765 82 40 1007 897 0 20 0 1
22:42:46.744112 58 42 775 687 2 78 0 1
22:42:46.868055 70 40 1005 736 0 7 1 0
22:42:47.657089 81 64 948 489 1 88 0 0
22:42:47.780347 60 70 471 527 0 41 1 1
22:42:47.904360 69 44 860 714 2 32 0 1
22:42:48.036246 75 77 541 732 0 59 1 0
22:42:48.160264 51 38 964 987 1 27 0 0
22:42:48.285155 67 41 803 672 0 59 1 1
22:42:48.410356 43 82 859 677 2 10 0 1
22:42:48.533158 71 65 889 511 0 11 0 1
22:42:48.663155 86 79 722 1020 2 18 1 1
22:42:48.790384 72 87 727 656 0 4 1 1
22:42:48.915169 52 71 774 719 0 17 0 0
22:42:49.049308 67 44 647 936 1 48 1 1
22:42:49.175131 90 60 761 1092 1 21 1 0
22:42:49.297240 30 66 452 1036 1 27 1 0
22:42:49.421263 61 58 532 1042 1 33 1 1
22:42:49.549960 33 77 734 677 1 0 1 0
22:42:49.672692 62 54 914 915 2 29 1 1
22:42:49.802124 52 84 1095 770 1 41 1 1
22:42:49.924232 60 34 1041 607 1 10 1 0
22:42:50.043576 40 40 1030 609 2 13 0 1
22:42:50.166940 46 58 879 514 0 19 1 1
22:42:50.289563 89 88 814 551 2 56 1 1
22:42:50.415148 46 52 1055 1064 2 54 1 1
22:42:50.539421 85 79 891 740 2 87 1 0
22:42:50.661483 88 66 476 778 0 4 1 0
